# Wall shear stress
# Time        	patch         	min           	max           
0.000000e+00	cylinder	(0.000000e+00 0.000000e+00 -3.884625e-04)	(0.000000e+00 0.000000e+00 3.884625e-04)
0.000000e+00	obstacle	(0.000000e+00 0.000000e+00 0.000000e+00)	(0.000000e+00 0.000000e+00 0.000000e+00)
1.000000e+00	cylinder	(-1.040656e-03 -4.991858e-06 -1.419489e-04)	(-5.276718e-04 4.991866e-06 1.419180e-04)
1.000000e+00	obstacle	(-1.833759e-03 -1.087359e-05 -8.077291e-04)	(-6.132707e-05 1.087358e-05 8.080913e-04)
2.000000e+00	cylinder	(-1.021039e-03 -3.643918e-06 -7.773862e-05)	(-4.995751e-04 3.643917e-06 7.773074e-05)
2.000000e+00	obstacle	(-1.688154e-03 -1.050582e-05 -8.054696e-04)	(2.310488e-04 1.050586e-05 8.056968e-04)
3.000000e+00	cylinder	(-9.717119e-04 -3.152937e-06 -6.887175e-05)	(-4.694042e-04 3.152936e-06 6.887307e-05)
3.000000e+00	obstacle	(-1.614271e-03 -1.011886e-05 -8.041575e-04)	(3.412479e-04 1.011879e-05 8.043969e-04)
4.000000e+00	cylinder	(-9.242149e-04 -2.908400e-06 -7.173387e-05)	(-4.041839e-04 2.908399e-06 7.172651e-05)
4.000000e+00	obstacle	(-1.553967e-03 -9.772270e-06 -8.010484e-04)	(3.631136e-04 9.772231e-06 8.012929e-04)
5.000000e+00	cylinder	(-8.830118e-04 -2.776421e-06 -8.141469e-05)	(-3.360003e-04 2.776421e-06 8.140949e-05)
5.000000e+00	obstacle	(-1.501577e-03 -9.441685e-06 -7.966114e-04)	(3.743940e-04 9.441678e-06 7.968632e-04)
6.000000e+00	cylinder	(-8.459538e-04 -2.677397e-06 -8.545692e-05)	(-2.853051e-04 2.677397e-06 8.545302e-05)
6.000000e+00	obstacle	(-1.457190e-03 -9.181643e-06 -7.919145e-04)	(3.772739e-04 9.181643e-06 7.922026e-04)
7.000000e+00	cylinder	(-8.109698e-04 -2.580571e-06 -8.662994e-05)	(-2.467196e-04 2.580571e-06 8.662722e-05)
7.000000e+00	obstacle	(-1.421553e-03 -8.981748e-06 -7.874193e-04)	(3.776699e-04 8.981749e-06 7.877316e-04)
8.000000e+00	cylinder	(-7.783485e-04 -2.490841e-06 -8.636596e-05)	(-2.170686e-04 2.490841e-06 8.636403e-05)
8.000000e+00	obstacle	(-1.393115e-03 -8.828134e-06 -7.837000e-04)	(3.630763e-04 8.828134e-06 7.839427e-04)
9.000000e+00	cylinder	(-7.480311e-04 -2.410402e-06 -8.547597e-05)	(-1.953046e-04 2.410402e-06 8.547451e-05)
9.000000e+00	obstacle	(-1.370155e-03 -8.697166e-06 -7.814222e-04)	(3.415120e-04 8.697166e-06 7.816565e-04)
1.000000e+01	cylinder	(-7.199264e-04 -2.341264e-06 -8.415690e-05)	(-1.784535e-04 2.341264e-06 8.415536e-05)
1.000000e+01	obstacle	(-1.350409e-03 -8.585430e-06 -7.795121e-04)	(3.224293e-04 8.585430e-06 7.796936e-04)
1.100000e+01	cylinder	(-6.939114e-04 -2.281462e-06 -8.256153e-05)	(-1.648872e-04 2.281462e-06 8.255972e-05)
1.100000e+01	obstacle	(-1.333130e-03 -8.492734e-06 -7.775700e-04)	(3.047709e-04 8.492734e-06 7.778283e-04)
1.200000e+01	cylinder	(-6.697756e-04 -2.227395e-06 -8.088737e-05)	(-1.539625e-04 2.227395e-06 8.088503e-05)
1.200000e+01	obstacle	(-1.318938e-03 -8.410696e-06 -7.754069e-04)	(2.883968e-04 8.410696e-06 7.756270e-04)
1.300000e+01	cylinder	(-6.472729e-04 -2.178248e-06 -7.940150e-05)	(-1.450923e-04 2.178248e-06 7.939802e-05)
1.300000e+01	obstacle	(-1.306937e-03 -8.340565e-06 -7.734741e-04)	(2.738089e-04 8.340565e-06 7.736439e-04)
1.400000e+01	cylinder	(-6.262130e-04 -2.132916e-06 -7.832779e-05)	(-1.378367e-04 2.132916e-06 7.832394e-05)
1.400000e+01	obstacle	(-1.296599e-03 -8.280535e-06 -7.717298e-04)	(2.604905e-04 8.280535e-06 7.718438e-04)
1.500000e+01	cylinder	(-6.064190e-04 -2.091645e-06 -7.731645e-05)	(-1.314313e-04 2.091645e-06 7.731966e-05)
1.500000e+01	obstacle	(-1.287712e-03 -8.228386e-06 -7.701476e-04)	(2.477180e-04 8.228386e-06 7.702145e-04)
1.600000e+01	cylinder	(-5.878943e-04 -2.053178e-06 -7.776920e-05)	(-1.257134e-04 2.053178e-06 7.777204e-05)
1.600000e+01	obstacle	(-1.280126e-03 -8.183867e-06 -7.687179e-04)	(2.351166e-04 8.183867e-06 7.687353e-04)
1.700000e+01	cylinder	(-5.805681e-04 -2.016935e-06 -7.810268e-05)	(-1.207076e-04 2.016935e-06 7.810540e-05)
1.700000e+01	obstacle	(-1.273698e-03 -8.147049e-06 -7.674579e-04)	(2.222862e-04 8.147049e-06 7.674079e-04)
1.800000e+01	cylinder	(-5.805683e-04 -1.982809e-06 -7.835887e-05)	(-1.163587e-04 1.982809e-06 7.836161e-05)
1.800000e+01	obstacle	(-1.268257e-03 -8.116966e-06 -7.663677e-04)	(2.091398e-04 8.116966e-06 7.662912e-04)
1.900000e+01	cylinder	(-5.805684e-04 -1.949185e-06 -7.849108e-05)	(-1.125985e-04 1.949185e-06 7.849309e-05)
1.900000e+01	obstacle	(-1.263793e-03 -8.092596e-06 -7.652963e-04)	(1.957034e-04 8.092596e-06 7.652515e-04)
2.000000e+01	cylinder	(-5.805686e-04 -1.918141e-06 -7.848518e-05)	(-1.092988e-04 1.918141e-06 7.848749e-05)
2.000000e+01	obstacle	(-1.260311e-03 -8.073172e-06 -7.642799e-04)	(1.821552e-04 8.073173e-06 7.642483e-04)
2.100000e+01	cylinder	(-5.805687e-04 -1.889156e-06 -7.835168e-05)	(-1.063323e-04 1.889156e-06 7.835444e-05)
2.100000e+01	obstacle	(-1.257734e-03 -8.058970e-06 -7.633481e-04)	(1.685862e-04 8.058970e-06 7.633549e-04)
2.200000e+01	cylinder	(-5.805688e-04 -1.861100e-06 -7.808000e-05)	(-1.037617e-04 1.861100e-06 7.808359e-05)
2.200000e+01	obstacle	(-1.255958e-03 -8.049629e-06 -7.624985e-04)	(1.551942e-04 8.049630e-06 7.625656e-04)
2.300000e+01	cylinder	(-5.805689e-04 -1.831270e-06 -7.712299e-05)	(-1.015851e-04 1.831270e-06 7.712696e-05)
2.300000e+01	obstacle	(-1.254893e-03 -8.044307e-06 -7.617294e-04)	(1.422275e-04 8.044307e-06 7.618706e-04)
2.400000e+01	cylinder	(-5.805690e-04 -1.805027e-06 -7.661483e-05)	(-9.986121e-05 1.805027e-06 7.661867e-05)
2.400000e+01	obstacle	(-1.254435e-03 -8.042415e-06 -7.610393e-04)	(1.299650e-04 8.042416e-06 7.612596e-04)
2.500000e+01	cylinder	(-5.805691e-04 -1.780931e-06 -7.613897e-05)	(-9.852029e-05 1.780931e-06 7.614252e-05)
2.500000e+01	obstacle	(-1.254482e-03 -8.043148e-06 -7.604239e-04)	(1.185850e-04 8.043148e-06 7.607193e-04)
2.600000e+01	cylinder	(-5.805691e-04 -1.759004e-06 -7.564414e-05)	(-9.747249e-05 1.759004e-06 7.564823e-05)
2.600000e+01	obstacle	(-1.254935e-03 -8.045715e-06 -7.598767e-04)	(1.082570e-04 8.045715e-06 7.602338e-04)
2.700000e+01	cylinder	(-5.805692e-04 -1.738198e-06 -7.510278e-05)	(-9.666356e-05 1.738198e-06 7.510781e-05)
2.700000e+01	obstacle	(-1.255706e-03 -8.049629e-06 -7.593913e-04)	(9.916198e-05 8.049629e-06 7.597879e-04)
2.800000e+01	cylinder	(-5.805693e-04 -1.718740e-06 -7.445661e-05)	(-9.602997e-05 1.718738e-06 7.446927e-05)
2.800000e+01	obstacle	(-1.256716e-03 -8.054132e-06 -7.589609e-04)	(9.132394e-05 8.054132e-06 7.593680e-04)
2.900000e+01	cylinder	(-5.805693e-04 -1.699847e-06 -7.366918e-05)	(-9.549108e-05 1.699840e-06 7.369716e-05)
2.900000e+01	obstacle	(-1.257902e-03 -8.058798e-06 -7.585714e-04)	(8.468717e-05 8.058798e-06 7.589589e-04)
3.000000e+01	cylinder	(-5.805694e-04 -1.680020e-06 -7.278017e-05)	(-9.499757e-05 1.680004e-06 7.283100e-05)
3.000000e+01	obstacle	(-1.259213e-03 -8.063376e-06 -7.582121e-04)	(7.919471e-05 8.063376e-06 7.585499e-04)
3.100000e+01	cylinder	(-5.805694e-04 -1.658979e-06 -7.188959e-05)	(-9.453328e-05 1.658946e-06 7.195956e-05)
3.100000e+01	obstacle	(-1.260614e-03 -8.067585e-06 -7.578663e-04)	(7.896069e-05 8.067585e-06 7.581243e-04)
3.200000e+01	cylinder	(-5.805694e-04 -1.638571e-06 -7.110998e-05)	(-9.408464e-05 1.638515e-06 7.119373e-05)
3.200000e+01	obstacle	(-1.262085e-03 -8.071172e-06 -7.574993e-04)	(7.869950e-05 8.071173e-06 7.576665e-04)
3.300000e+01	cylinder	(-5.805695e-04 -1.621798e-06 -7.051561e-05)	(-9.365767e-05 1.621726e-06 7.060083e-05)
3.300000e+01	obstacle	(-1.263717e-03 -8.074971e-06 -7.571233e-04)	(7.849329e-05 8.074973e-06 7.572054e-04)
3.400000e+01	cylinder	(-5.805695e-04 -1.611282e-06 -7.001575e-05)	(-9.327383e-05 1.611216e-06 7.009948e-05)
3.400000e+01	obstacle	(-1.265328e-03 -8.078661e-06 -7.567063e-04)	(7.835575e-05 8.078663e-06 7.567102e-04)
3.500000e+01	cylinder	(-5.805695e-04 -1.605913e-06 -6.966208e-05)	(-9.294025e-05 1.605861e-06 6.973722e-05)
3.500000e+01	obstacle	(-1.266829e-03 -8.080396e-06 -7.562274e-04)	(7.826491e-05 8.080399e-06 7.561750e-04)
3.600000e+01	cylinder	(-5.805695e-04 -1.602877e-06 -6.935789e-05)	(-9.264949e-05 1.602840e-06 6.942160e-05)
3.600000e+01	obstacle	(-1.268138e-03 -8.079957e-06 -7.557006e-04)	(7.821322e-05 8.079960e-06 7.556221e-04)
3.700000e+01	cylinder	(-5.805696e-04 -1.600921e-06 -6.903678e-05)	(-9.243413e-05 1.600887e-06 6.908781e-05)
3.700000e+01	obstacle	(-1.269237e-03 -8.078763e-06 -7.551482e-04)	(7.828267e-05 8.078767e-06 7.550827e-04)
3.800000e+01	cylinder	(-5.805696e-04 -1.597830e-06 -6.870428e-05)	(-9.234250e-05 1.597816e-06 6.874755e-05)
3.800000e+01	obstacle	(-1.270186e-03 -8.079351e-06 -7.547427e-04)	(7.852718e-05 8.079365e-06 7.547131e-04)
3.900000e+01	cylinder	(-5.805696e-04 -1.592546e-06 -6.841394e-05)	(-9.240154e-05 1.592547e-06 6.844853e-05)
3.900000e+01	obstacle	(-1.271043e-03 -8.082996e-06 -7.546404e-04)	(7.889318e-05 8.083054e-06 7.546907e-04)
4.000000e+01	cylinder	(-5.805696e-04 -1.585736e-06 -6.815535e-05)	(-9.262710e-05 1.585747e-06 6.817752e-05)
4.000000e+01	obstacle	(-1.272074e-03 -8.090444e-06 -7.547771e-04)	(7.931763e-05 8.090643e-06 7.548991e-04)
4.100000e+01	cylinder	(-5.805696e-04 -1.577078e-06 -6.796471e-05)	(-9.301969e-05 1.577093e-06 6.797065e-05)
4.100000e+01	obstacle	(-1.273866e-03 -8.090443e-06 -7.541063e-04)	(7.980636e-05 8.091125e-06 7.543228e-04)
4.200000e+01	cylinder	(-5.805697e-04 -1.569048e-06 -6.771344e-05)	(-9.357482e-05 1.569060e-06 6.769108e-05)
4.200000e+01	obstacle	(-1.276421e-03 -8.061700e-06 -7.513430e-04)	(8.011302e-05 8.063317e-06 7.516538e-04)
4.300000e+01	cylinder	(-5.805697e-04 -1.560518e-06 -6.734293e-05)	(-9.432253e-05 1.560528e-06 6.731049e-05)
4.300000e+01	obstacle	(-1.278659e-03 -8.000355e-06 -7.468284e-04)	(7.976933e-05 8.003066e-06 7.472097e-04)
4.400000e+01	cylinder	(-5.805697e-04 -1.551552e-06 -6.692330e-05)	(-9.527063e-05 1.551556e-06 6.688902e-05)
4.400000e+01	obstacle	(-1.279223e-03 -7.938458e-06 -7.434969e-04)	(7.865406e-05 7.942074e-06 7.438981e-04)
4.500000e+01	cylinder	(-5.805697e-04 -1.543455e-06 -6.650084e-05)	(-9.638725e-05 1.543460e-06 6.646696e-05)
4.500000e+01	obstacle	(-1.278613e-03 -7.913931e-06 -7.427362e-04)	(7.768203e-05 7.917690e-06 7.431245e-04)
4.600000e+01	cylinder	(-5.805697e-04 -1.535888e-06 -6.609381e-05)	(-9.760745e-05 1.535893e-06 6.606096e-05)
4.600000e+01	obstacle	(-1.277472e-03 -7.931912e-06 -7.444109e-04)	(7.778810e-05 7.935119e-06 7.447421e-04)
4.700000e+01	cylinder	(-5.805697e-04 -1.529917e-06 -6.571397e-05)	(-9.890574e-05 1.529920e-06 6.568368e-05)
4.700000e+01	obstacle	(-1.276512e-03 -7.978130e-06 -7.472295e-04)	(7.914254e-05 7.980331e-06 7.474669e-04)
4.800000e+01	cylinder	(-5.805697e-04 -1.525192e-06 -6.537004e-05)	(-1.002565e-04 1.525194e-06 6.534183e-05)
4.800000e+01	obstacle	(-1.276049e-03 -8.024458e-06 -7.494826e-04)	(8.106476e-05 8.025590e-06 7.496070e-04)
4.900000e+01	cylinder	(-5.805697e-04 -1.521393e-06 -6.505626e-05)	(-1.016191e-04 1.521395e-06 6.503009e-05)
4.900000e+01	obstacle	(-1.276042e-03 -8.053013e-06 -7.506303e-04)	(8.249942e-05 8.053388e-06 7.506328e-04)
5.000000e+01	cylinder	(-5.805697e-04 -1.518785e-06 -6.476986e-05)	(-1.029680e-04 1.518787e-06 6.474574e-05)
5.000000e+01	obstacle	(-1.275920e-03 -8.058782e-06 -7.507698e-04)	(8.276732e-05 8.058813e-06 7.506723e-04)
5.100000e+01	cylinder	(-5.805697e-04 -1.515855e-06 -6.450705e-05)	(-1.042870e-04 1.515857e-06 6.448498e-05)
5.100000e+01	obstacle	(-1.275561e-03 -8.054565e-06 -7.506267e-04)	(8.214597e-05 8.054531e-06 7.504632e-04)
5.200000e+01	cylinder	(-5.805697e-04 -1.512586e-06 -6.426572e-05)	(-1.055689e-04 1.512587e-06 6.424598e-05)
5.200000e+01	obstacle	(-1.275104e-03 -8.049790e-06 -7.505716e-04)	(8.141115e-05 8.049772e-06 7.503873e-04)
5.300000e+01	cylinder	(-5.805697e-04 -1.509211e-06 -6.404496e-05)	(-1.068033e-04 1.509212e-06 6.402778e-05)
5.300000e+01	obstacle	(-1.274709e-03 -8.047919e-06 -7.505868e-04)	(8.121980e-05 8.047927e-06 7.504342e-04)
5.400000e+01	cylinder	(-5.805697e-04 -1.507100e-06 -6.384354e-05)	(-1.079834e-04 1.507101e-06 6.382900e-05)
5.400000e+01	obstacle	(-1.274644e-03 -8.049011e-06 -7.506044e-04)	(8.152572e-05 8.049028e-06 7.505333e-04)
5.500000e+01	cylinder	(-5.805698e-04 -1.504607e-06 -6.365992e-05)	(-1.091176e-04 1.504608e-06 6.364798e-05)
5.500000e+01	obstacle	(-1.274660e-03 -8.051124e-06 -7.506023e-04)	(8.201506e-05 8.051139e-06 7.506519e-04)
5.600000e+01	cylinder	(-5.805698e-04 -1.502535e-06 -6.349278e-05)	(-1.102098e-04 1.502536e-06 6.348322e-05)
5.600000e+01	obstacle	(-1.274698e-03 -8.053039e-06 -7.505857e-04)	(8.240008e-05 8.053051e-06 7.507774e-04)
5.700000e+01	cylinder	(-5.805698e-04 -1.500807e-06 -6.334084e-05)	(-1.113238e-04 1.500808e-06 6.333325e-05)
5.700000e+01	obstacle	(-1.274711e-03 -8.054227e-06 -7.505690e-04)	(8.254350e-05 8.054237e-06 7.509012e-04)
5.800000e+01	cylinder	(-5.805698e-04 -1.499386e-06 -6.320254e-05)	(-1.125045e-04 1.499386e-06 6.319636e-05)
5.800000e+01	obstacle	(-1.274664e-03 -8.054364e-06 -7.505652e-04)	(8.249894e-05 8.054372e-06 7.510127e-04)
5.900000e+01	cylinder	(-5.805698e-04 -1.498338e-06 -6.307633e-05)	(-1.137653e-04 1.498338e-06 6.307087e-05)
5.900000e+01	obstacle	(-1.274541e-03 -8.053274e-06 -7.505845e-04)	(8.237590e-05 8.053281e-06 7.511010e-04)
6.000000e+01	cylinder	(-5.805698e-04 -1.497298e-06 -6.296101e-05)	(-1.150844e-04 1.497299e-06 6.295570e-05)
6.000000e+01	obstacle	(-1.274339e-03 -8.051188e-06 -7.506341e-04)	(8.238213e-05 8.051194e-06 7.511579e-04)
6.100000e+01	cylinder	(-5.805698e-04 -1.496393e-06 -6.285638e-05)	(-1.164222e-04 1.496393e-06 6.285072e-05)
6.100000e+01	obstacle	(-1.274072e-03 -8.048218e-06 -7.507165e-04)	(8.253952e-05 8.048223e-06 7.511798e-04)
6.200000e+01	cylinder	(-5.805698e-04 -1.495326e-06 -6.276165e-05)	(-1.177126e-04 1.495326e-06 6.275527e-05)
6.200000e+01	obstacle	(-1.273764e-03 -8.044899e-06 -7.508288e-04)	(8.272467e-05 8.044904e-06 7.511692e-04)
6.300000e+01	cylinder	(-5.805698e-04 -1.495425e-06 -6.267606e-05)	(-1.188932e-04 1.495425e-06 6.266883e-05)
6.300000e+01	obstacle	(-1.273573e-03 -8.043137e-06 -7.509628e-04)	(8.289079e-05 8.043142e-06 7.511340e-04)
6.400000e+01	cylinder	(-5.805698e-04 -1.495071e-06 -6.259872e-05)	(-1.199268e-04 1.495071e-06 6.259069e-05)
6.400000e+01	obstacle	(-1.273722e-03 -8.045207e-06 -7.511057e-04)	(8.300194e-05 8.045211e-06 7.510862e-04)
6.500000e+01	cylinder	(-5.805698e-04 -1.494799e-06 -6.253161e-05)	(-1.207543e-04 1.494799e-06 6.252375e-05)
6.500000e+01	obstacle	(-1.273810e-03 -8.046356e-06 -7.512415e-04)	(8.304084e-05 8.046360e-06 7.510409e-04)
6.600000e+01	cylinder	(-5.805698e-04 -1.495214e-06 -6.247815e-05)	(-1.214374e-04 1.495214e-06 6.247056e-05)
6.600000e+01	obstacle	(-1.273805e-03 -8.045848e-06 -7.513543e-04)	(8.301414e-05 8.045851e-06 7.510138e-04)
6.700000e+01	cylinder	(-5.805698e-04 -1.495592e-06 -6.243043e-05)	(-1.219885e-04 1.495592e-06 6.242350e-05)
6.700000e+01	obstacle	(-1.273692e-03 -8.043956e-06 -7.514301e-04)	(8.294062e-05 8.043959e-06 7.510183e-04)
6.800000e+01	cylinder	(-5.805698e-04 -1.495826e-06 -6.238647e-05)	(-1.224170e-04 1.495826e-06 6.238088e-05)
6.800000e+01	obstacle	(-1.273468e-03 -8.040768e-06 -7.514598e-04)	(8.288595e-05 8.040771e-06 7.510635e-04)
6.900000e+01	cylinder	(-5.805698e-04 -1.496408e-06 -6.234621e-05)	(-1.227338e-04 1.496408e-06 6.234251e-05)
6.900000e+01	obstacle	(-1.273156e-03 -8.037905e-06 -7.514410e-04)	(8.308657e-05 8.037908e-06 7.511517e-04)
7.000000e+01	cylinder	(-5.805698e-04 -1.496393e-06 -6.230945e-05)	(-1.229517e-04 1.496393e-06 6.230798e-05)
7.000000e+01	obstacle	(-1.273423e-03 -8.041244e-06 -7.513788e-04)	(8.326016e-05 8.041247e-06 7.512777e-04)
7.100000e+01	cylinder	(-5.805698e-04 -1.497361e-06 -6.227578e-05)	(-1.230856e-04 1.497361e-06 6.227657e-05)
7.100000e+01	obstacle	(-1.273699e-03 -8.044218e-06 -7.512856e-04)	(8.338219e-05 8.044221e-06 7.514292e-04)
7.200000e+01	cylinder	(-5.805698e-04 -1.498394e-06 -6.224515e-05)	(-1.231219e-04 1.498394e-06 6.224788e-05)
7.200000e+01	obstacle	(-1.273929e-03 -8.046444e-06 -7.511799e-04)	(8.343783e-05 8.046447e-06 7.515882e-04)
7.300000e+01	cylinder	(-5.805698e-04 -1.499483e-06 -6.221756e-05)	(-1.230967e-04 1.499483e-06 6.222160e-05)
7.300000e+01	obstacle	(-1.274061e-03 -8.047279e-06 -7.510832e-04)	(8.341825e-05 8.047282e-06 7.517331e-04)
7.400000e+01	cylinder	(-5.805698e-04 -1.500578e-06 -6.219292e-05)	(-1.230613e-04 1.500578e-06 6.219741e-05)
7.400000e+01	obstacle	(-1.274056e-03 -8.046299e-06 -7.510172e-04)	(8.332951e-05 8.046301e-06 7.518428e-04)
7.500000e+01	cylinder	(-5.805698e-04 -1.501648e-06 -6.217107e-05)	(-1.230414e-04 1.501648e-06 6.217501e-05)
7.500000e+01	obstacle	(-1.273896e-03 -8.043286e-06 -7.509996e-04)	(8.318711e-05 8.043288e-06 7.518996e-04)
7.600000e+01	cylinder	(-5.805698e-04 -1.502732e-06 -6.215176e-05)	(-1.230565e-04 1.502732e-06 6.215423e-05)
7.600000e+01	obstacle	(-1.273588e-03 -8.038369e-06 -7.510413e-04)	(8.337327e-05 8.038371e-06 7.518931e-04)
7.700000e+01	cylinder	(-5.805698e-04 -1.503703e-06 -6.213469e-05)	(-1.231183e-04 1.503703e-06 6.213493e-05)
7.700000e+01	obstacle	(-1.273162e-03 -8.032058e-06 -7.511436e-04)	(8.360348e-05 8.032059e-06 7.518224e-04)
7.800000e+01	cylinder	(-5.805698e-04 -1.504926e-06 -6.211949e-05)	(-1.232047e-04 1.504926e-06 6.211707e-05)
7.800000e+01	obstacle	(-1.272814e-03 -8.028025e-06 -7.512974e-04)	(8.378925e-05 8.028027e-06 7.516969e-04)
7.900000e+01	cylinder	(-5.805698e-04 -1.506634e-06 -6.210578e-05)	(-1.232752e-04 1.506634e-06 6.210075e-05)
7.900000e+01	obstacle	(-1.273215e-03 -8.032090e-06 -7.514837e-04)	(8.390543e-05 8.032092e-06 7.515361e-04)
8.000000e+01	cylinder	(-5.805698e-04 -1.508369e-06 -6.209322e-05)	(-1.233874e-04 1.508369e-06 6.208606e-05)
8.000000e+01	obstacle	(-1.273535e-03 -8.034961e-06 -7.516762e-04)	(8.393524e-05 8.034964e-06 7.513664e-04)
8.100000e+01	cylinder	(-5.805698e-04 -1.510714e-06 -6.208146e-05)	(-1.235381e-04 1.510714e-06 6.207310e-05)
8.100000e+01	obstacle	(-1.273706e-03 -8.035380e-06 -7.518447e-04)	(8.386699e-05 8.035383e-06 7.512181e-04)
8.200000e+01	cylinder	(-5.805698e-04 -1.511574e-06 -6.207027e-05)	(-1.237207e-04 1.511574e-06 6.206191e-05)
8.200000e+01	obstacle	(-1.273681e-03 -8.034158e-06 -7.519604e-04)	(8.370577e-05 8.034160e-06 7.511205e-04)
8.300000e+01	cylinder	(-5.805698e-04 -1.513330e-06 -6.205945e-05)	(-1.239287e-04 1.513330e-06 6.205241e-05)
8.300000e+01	obstacle	(-1.273441e-03 -8.029539e-06 -7.520012e-04)	(8.347456e-05 8.029540e-06 7.510962e-04)
8.400000e+01	cylinder	(-5.805698e-04 -1.514609e-06 -6.204896e-05)	(-1.241546e-04 1.514610e-06 6.204447e-05)
8.400000e+01	obstacle	(-1.273002e-03 -8.022682e-06 -7.519549e-04)	(8.363457e-05 8.022684e-06 7.511576e-04)
8.500000e+01	cylinder	(-5.805698e-04 -1.516429e-06 -6.203886e-05)	(-1.243906e-04 1.516429e-06 6.203785e-05)
8.500000e+01	obstacle	(-1.272601e-03 -8.019020e-06 -7.518246e-04)	(8.391810e-05 8.019022e-06 7.513034e-04)
8.600000e+01	cylinder	(-5.805698e-04 -1.518248e-06 -6.202935e-05)	(-1.245789e-04 1.518248e-06 6.203221e-05)
8.600000e+01	obstacle	(-1.273204e-03 -8.025477e-06 -7.516261e-04)	(8.412984e-05 8.025479e-06 7.515174e-04)
8.700000e+01	cylinder	(-5.805698e-04 -1.519820e-06 -6.202063e-05)	(-1.246947e-04 1.519820e-06 6.202719e-05)
8.700000e+01	obstacle	(-1.273777e-03 -8.031815e-06 -7.513866e-04)	(8.424303e-05 8.031818e-06 7.517707e-04)
8.800000e+01	cylinder	(-5.805698e-04 -1.522404e-06 -6.201299e-05)	(-1.248065e-04 1.522404e-06 6.202237e-05)
8.800000e+01	obstacle	(-1.274217e-03 -8.035535e-06 -7.511444e-04)	(8.423253e-05 8.035538e-06 7.520249e-04)
8.900000e+01	cylinder	(-5.805698e-04 -1.524547e-06 -6.200662e-05)	(-1.249234e-04 1.524547e-06 6.201745e-05)
8.900000e+01	obstacle	(-1.274434e-03 -8.036486e-06 -7.509417e-04)	(8.408535e-05 8.036488e-06 7.522378e-04)
9.000000e+01	cylinder	(-5.805698e-04 -1.526572e-06 -6.200165e-05)	(-1.250527e-04 1.526572e-06 6.201220e-05)
9.000000e+01	obstacle	(-1.274369e-03 -8.033763e-06 -7.508179e-04)	(8.381365e-05 8.033765e-06 7.523707e-04)
9.100000e+01	cylinder	(-5.805698e-04 -1.528358e-06 -6.199806e-05)	(-1.251988e-04 1.528358e-06 6.200651e-05)
9.100000e+01	obstacle	(-1.274008e-03 -8.027337e-06 -7.508055e-04)	(8.364963e-05 8.027338e-06 7.523953e-04)
9.200000e+01	cylinder	(-5.805698e-04 -1.529975e-06 -6.199575e-05)	(-1.253616e-04 1.529975e-06 6.200045e-05)
9.200000e+01	obstacle	(-1.273384e-03 -8.017683e-06 -7.509159e-04)	(8.406889e-05 8.017684e-06 7.522987e-04)
9.300000e+01	cylinder	(-5.805698e-04 -1.532076e-06 -6.199439e-05)	(-1.255368e-04 1.532076e-06 6.199423e-05)
9.300000e+01	obstacle	(-1.272588e-03 -8.005545e-06 -7.511421e-04)	(8.443636e-05 8.005545e-06 7.520910e-04)
9.400000e+01	cylinder	(-5.805698e-04 -1.534192e-06 -6.199361e-05)	(-1.256290e-04 1.534192e-06 6.198815e-05)
9.400000e+01	obstacle	(-1.273203e-03 -8.014889e-06 -7.514573e-04)	(8.470034e-05 8.014892e-06 7.517958e-04)
9.500000e+01	cylinder	(-5.805698e-04 -1.537007e-06 -6.199291e-05)	(-1.256415e-04 1.537007e-06 6.198261e-05)
9.500000e+01	obstacle	(-1.274022e-03 -8.023387e-06 -7.518174e-04)	(8.481045e-05 8.023390e-06 7.514564e-04)
9.600000e+01	cylinder	(-5.805698e-04 -1.540096e-06 -6.199183e-05)	(-1.256602e-04 1.540096e-06 6.197802e-05)
9.600000e+01	obstacle	(-1.274623e-03 -8.028591e-06 -7.521664e-04)	(8.473790e-05 8.028594e-06 7.511283e-04)
9.700000e+01	cylinder	(-5.805698e-04 -1.542437e-06 -6.198997e-05)	(-1.256979e-04 1.542437e-06 6.197474e-05)
9.700000e+01	obstacle	(-1.274891e-03 -8.029721e-06 -7.524454e-04)	(8.447344e-05 8.029723e-06 7.508707e-04)
9.800000e+01	cylinder	(-5.805698e-04 -1.544717e-06 -6.198714e-05)	(-1.257649e-04 1.544717e-06 6.197292e-05)
9.800000e+01	obstacle	(-1.274755e-03 -8.025522e-06 -7.526027e-04)	(8.404183e-05 8.025524e-06 7.507367e-04)
9.900000e+01	cylinder	(-5.805698e-04 -1.546527e-06 -6.198327e-05)	(-1.258653e-04 1.546527e-06 6.197260e-05)
9.900000e+01	obstacle	(-1.274211e-03 -8.016351e-06 -7.526026e-04)	(8.383651e-05 8.016352e-06 7.507674e-04)
1.000000e+02	cylinder	(-5.805698e-04 -1.548824e-06 -6.197852e-05)	(-1.259969e-04 1.548824e-06 6.197358e-05)
1.000000e+02	obstacle	(-1.273334e-03 -8.002548e-06 -7.524374e-04)	(8.438337e-05 8.002548e-06 7.509713e-04)
1.010000e+02	cylinder	(-5.805698e-04 -1.550425e-06 -6.197323e-05)	(-1.261502e-04 1.550425e-06 6.197547e-05)
1.010000e+02	obstacle	(-1.273401e-03 -8.006999e-06 -7.521196e-04)	(8.484142e-05 8.007001e-06 7.513326e-04)
1.020000e+02	cylinder	(-5.805698e-04 -1.553312e-06 -6.196798e-05)	(-1.261342e-04 1.553312e-06 6.197766e-05)
1.020000e+02	obstacle	(-1.274716e-03 -8.021851e-06 -7.516914e-04)	(8.514392e-05 8.021855e-06 7.518065e-04)
1.030000e+02	cylinder	(-5.805698e-04 -1.556911e-06 -6.196337e-05)	(-1.260717e-04 1.556911e-06 6.197949e-05)
1.030000e+02	obstacle	(-1.275879e-03 -8.033827e-06 -7.512199e-04)	(8.522377e-05 8.033830e-06 7.523253e-04)
1.040000e+02	cylinder	(-5.805698e-04 -1.559374e-06 -6.195992e-05)	(-1.260297e-04 1.559374e-06 6.198044e-05)
1.040000e+02	obstacle	(-1.276693e-03 -8.041706e-06 -7.507858e-04)	(8.504606e-05 8.041709e-06 7.528089e-04)
1.050000e+02	cylinder	(-5.805698e-04 -1.562435e-06 -6.195818e-05)	(-1.260243e-04 1.562435e-06 6.198000e-05)
1.050000e+02	obstacle	(-1.277007e-03 -8.042460e-06 -7.504721e-04)	(8.459993e-05 8.042463e-06 7.531755e-04)
1.060000e+02	cylinder	(-5.805698e-04 -1.565075e-06 -6.195841e-05)	(-1.260668e-04 1.565075e-06 6.197782e-05)
1.060000e+02	obstacle	(-1.276744e-03 -8.035763e-06 -7.503495e-04)	(8.392938e-05 8.035765e-06 7.533553e-04)
1.070000e+02	cylinder	(-5.805698e-04 -1.567265e-06 -6.196047e-05)	(-1.261599e-04 1.567265e-06 6.197400e-05)
1.070000e+02	obstacle	(-1.275934e-03 -8.022203e-06 -7.504704e-04)	(8.428865e-05 8.022203e-06 7.533061e-04)
1.080000e+02	cylinder	(-5.805698e-04 -1.569142e-06 -6.196405e-05)	(-1.262977e-04 1.569142e-06 6.196886e-05)
1.080000e+02	obstacle	(-1.274682e-03 -8.003189e-06 -7.508359e-04)	(8.501660e-05 8.003189e-06 7.530275e-04)
1.090000e+02	cylinder	(-5.805698e-04 -1.571173e-06 -6.196854e-05)	(-1.264604e-04 1.571173e-06 6.196294e-05)
1.090000e+02	obstacle	(-1.274826e-03 -8.009361e-06 -7.514124e-04)	(8.560556e-05 8.009365e-06 7.525449e-04)
1.100000e+02	cylinder	(-5.805698e-04 -1.575173e-06 -6.197311e-05)	(-1.263234e-04 1.575173e-06 6.195708e-05)
1.100000e+02	obstacle	(-1.276751e-03 -8.030857e-06 -7.521269e-04)	(8.594574e-05 8.030862e-06 7.519303e-04)
1.110000e+02	cylinder	(-5.805698e-04 -1.578598e-06 -6.197680e-05)	(-1.261984e-04 1.578598e-06 6.195220e-05)
1.110000e+02	obstacle	(-1.278380e-03 -8.048326e-06 -7.528770e-04)	(8.595015e-05 8.048330e-06 7.512861e-04)
1.120000e+02	cylinder	(-5.805698e-04 -1.582094e-06 -6.197880e-05)	(-1.261114e-04 1.582094e-06 6.194910e-05)
1.120000e+02	obstacle	(-1.279449e-03 -8.058009e-06 -7.535447e-04)	(8.558454e-05 8.058013e-06 7.507306e-04)
1.130000e+02	cylinder	(-5.805698e-04 -1.585654e-06 -6.197843e-05)	(-1.260836e-04 1.585654e-06 6.194849e-05)
1.130000e+02	obstacle	(-1.279769e-03 -8.057420e-06 -7.540151e-04)	(8.485672e-05 8.057423e-06 7.503803e-04)
1.140000e+02	cylinder	(-5.805698e-04 -1.588192e-06 -6.197562e-05)	(-1.261269e-04 1.588192e-06 6.195050e-05)
1.140000e+02	obstacle	(-1.279271e-03 -8.046788e-06 -7.541988e-04)	(8.383733e-05 8.046790e-06 7.503313e-04)
1.150000e+02	cylinder	(-5.805698e-04 -1.590318e-06 -6.197040e-05)	(-1.262409e-04 1.590318e-06 6.195508e-05)
1.150000e+02	obstacle	(-1.278036e-03 -8.026731e-06 -7.540528e-04)	(8.482407e-05 8.026731e-06 7.506361e-04)
1.160000e+02	cylinder	(-5.805698e-04 -1.592032e-06 -6.196331e-05)	(-1.264136e-04 1.592032e-06 6.196159e-05)
1.160000e+02	obstacle	(-1.276246e-03 -8.010038e-06 -7.535850e-04)	(8.578783e-05 8.010042e-06 7.512810e-04)
1.170000e+02	cylinder	(-5.805698e-04 -1.594745e-06 -6.195536e-05)	(-1.265159e-04 1.594745e-06 6.196901e-05)
1.170000e+02	obstacle	(-1.279067e-03 -8.044120e-06 -7.528527e-04)	(8.647987e-05 8.044126e-06 7.522007e-04)
1.180000e+02	cylinder	(-5.805698e-04 -1.599239e-06 -6.194782e-05)	(-1.263091e-04 1.599239e-06 6.197600e-05)
1.180000e+02	obstacle	(-1.281831e-03 -8.075332e-06 -7.519758e-04)	(8.675212e-05 8.075339e-06 7.532747e-04)
1.190000e+02	cylinder	(-5.805698e-04 -1.603687e-06 -6.194208e-05)	(-1.261312e-04 1.603687e-06 6.198121e-05)
1.190000e+02	obstacle	(-1.284042e-03 -8.098489e-06 -7.511128e-04)	(8.653552e-05 8.098495e-06 7.543439e-04)
1.200000e+02	cylinder	(-5.805698e-04 -1.607586e-06 -6.193937e-05)	(-1.260160e-04 1.607586e-06 6.198342e-05)
1.200000e+02	obstacle	(-1.285347e-03 -8.109504e-06 -7.504384e-04)	(8.583012e-05 8.109509e-06 7.552340e-04)
1.210000e+02	cylinder	(-5.805698e-04 -1.611300e-06 -6.194035e-05)	(-1.259881e-04 1.611300e-06 6.198209e-05)
1.210000e+02	obstacle	(-1.285528e-03 -8.105286e-06 -7.501136e-04)	(8.468404e-05 8.105290e-06 7.557893e-04)
1.220000e+02	cylinder	(-5.805698e-04 -1.613662e-06 -6.194529e-05)	(-1.260573e-04 1.613662e-06 6.197695e-05)
1.220000e+02	obstacle	(-1.284569e-03 -8.086830e-06 -7.502653e-04)	(8.451317e-05 8.086832e-06 7.558997e-04)
1.230000e+02	cylinder	(-5.805698e-04 -1.615935e-06 -6.195363e-05)	(-1.262169e-04 1.615935e-06 6.196842e-05)
1.230000e+02	obstacle	(-1.282634e-03 -8.055796e-06 -7.509260e-04)	(8.602062e-05 8.055795e-06 7.555362e-04)
1.240000e+02	cylinder	(-5.805698e-04 -1.616319e-06 -6.196420e-05)	(-1.264452e-04 1.616319e-06 6.195759e-05)
1.240000e+02	obstacle	(-1.281826e-03 -8.056396e-06 -7.520471e-04)	(8.722937e-05 8.056403e-06 7.547240e-04)
1.250000e+02	cylinder	(-5.805698e-04 -1.622521e-06 -6.197528e-05)	(-1.264045e-04 1.622521e-06 6.194625e-05)
1.250000e+02	obstacle	(-1.286147e-03 -8.105555e-06 -7.534753e-04)	(8.792634e-05 8.105564e-06 7.535884e-04)
1.260000e+02	cylinder	(-5.805698e-04 -1.627208e-06 -6.198473e-05)	(-1.261371e-04 1.627208e-06 6.193638e-05)
1.260000e+02	obstacle	(-1.289966e-03 -8.148252e-06 -7.550551e-04)	(8.798011e-05 8.148262e-06 7.523540e-04)
1.270000e+02	cylinder	(-5.805698e-04 -1.633001e-06 -6.199052e-05)	(-1.259265e-04 1.633001e-06 6.193005e-05)
1.270000e+02	obstacle	(-1.292723e-03 -8.175297e-06 -7.565112e-04)	(8.735748e-05 8.175305e-06 7.512597e-04)
1.280000e+02	cylinder	(-5.805698e-04 -1.637257e-06 -6.199123e-05)	(-1.258119e-04 1.637257e-06 6.192881e-05)
1.280000e+02	obstacle	(-1.293994e-03 -8.182853e-06 -7.575930e-04)	(8.606861e-05 8.182861e-06 7.505539e-04)
1.290000e+02	cylinder	(-5.805698e-04 -1.639956e-06 -6.198628e-05)	(-1.258178e-04 1.639956e-06 6.193346e-05)
1.290000e+02	obstacle	(-1.293583e-03 -8.168664e-06 -7.580989e-04)	(8.421202e-05 8.168668e-06 7.504520e-04)
1.300000e+02	cylinder	(-5.805698e-04 -1.642774e-06 -6.197573e-05)	(-1.259472e-04 1.642774e-06 6.194373e-05)
1.300000e+02	obstacle	(-1.291636e-03 -8.133739e-06 -7.579225e-04)	(8.589906e-05 8.133741e-06 7.510816e-04)
1.310000e+02	cylinder	(-5.805698e-04 -1.643237e-06 -6.196100e-05)	(-1.261822e-04 1.643237e-06 6.195810e-05)
1.310000e+02	obstacle	(-1.288501e-03 -8.097010e-06 -7.570772e-04)	(8.785504e-05 8.097020e-06 7.524243e-04)
1.320000e+02	cylinder	(-5.805698e-04 -1.647709e-06 -6.194421e-05)	(-1.264848e-04 1.647709e-06 6.197436e-05)
1.320000e+02	obstacle	(-1.293572e-03 -8.170447e-06 -7.556792e-04)	(8.921998e-05 8.170459e-06 7.543411e-04)
1.330000e+02	cylinder	(-5.805698e-04 -1.654465e-06 -6.192850e-05)	(-1.261937e-04 1.654465e-06 6.198928e-05)
1.330000e+02	obstacle	(-1.299387e-03 -8.237472e-06 -7.539887e-04)	(8.968540e-05 8.237486e-06 7.565638e-04)
1.340000e+02	cylinder	(-5.805698e-04 -1.661568e-06 -6.191715e-05)	(-1.258937e-04 1.661568e-06 6.199947e-05)
1.340000e+02	obstacle	(-1.303981e-03 -8.285552e-06 -7.523537e-04)	(8.917764e-05 8.285566e-06 7.587363e-04)
1.350000e+02	cylinder	(-5.805698e-04 -1.666289e-06 -6.191278e-05)	(-1.256917e-04 1.666289e-06 6.200254e-05)
1.350000e+02	obstacle	(-1.306625e-03 -8.307533e-06 -7.511509e-04)	(8.765066e-05 8.307545e-06 7.604796e-04)
1.360000e+02	cylinder	(-5.805698e-04 -1.670133e-06 -6.191712e-05)	(-1.256289e-04 1.670133e-06 6.199718e-05)
1.360000e+02	obstacle	(-1.306888e-03 -8.297361e-06 -7.507199e-04)	(8.539384e-05 8.297370e-06 7.614650e-04)
1.370000e+02	cylinder	(-5.805698e-04 -1.672435e-06 -6.193015e-05)	(-1.257132e-04 1.672435e-06 6.198315e-05)
1.370000e+02	obstacle	(-1.304818e-03 -8.256401e-06 -7.513129e-04)	(8.556888e-05 8.256404e-06 7.614832e-04)
1.380000e+02	cylinder	(-5.805698e-04 -1.671513e-06 -6.194989e-05)	(-1.259405e-04 1.671513e-06 6.196225e-05)
1.380000e+02	obstacle	(-1.300844e-03 -8.193444e-06 -7.529448e-04)	(8.864704e-05 8.193442e-06 7.605253e-04)
1.390000e+02	cylinder	(-5.805698e-04 -1.676247e-06 -6.197276e-05)	(-1.262692e-04 1.676247e-06 6.193783e-05)
1.390000e+02	obstacle	(-1.303336e-03 -8.255551e-06 -7.554489e-04)	(9.090460e-05 8.255568e-06 7.587137e-04)
1.400000e+02	cylinder	(-5.805698e-04 -1.683864e-06 -6.199413e-05)	(-1.262770e-04 1.683864e-06 6.191445e-05)
1.400000e+02	obstacle	(-1.311553e-03 -8.352200e-06 -7.584622e-04)	(9.190795e-05 8.352219e-06 7.563943e-04)
1.410000e+02	cylinder	(-5.805698e-04 -1.691852e-06 -6.200898e-05)	(-1.259186e-04 1.691852e-06 6.189717e-05)
1.410000e+02	obstacle	(-1.318251e-03 -8.424586e-06 -7.614816e-04)	(9.150403e-05 8.424606e-06 7.540589e-04)
1.420000e+02	cylinder	(-5.805698e-04 -1.698354e-06 -6.201345e-05)	(-1.256517e-04 1.698354e-06 6.188999e-05)
1.420000e+02	obstacle	(-1.322308e-03 -8.459413e-06 -7.639513e-04)	(8.982079e-05 8.459431e-06 7.522584e-04)
1.430000e+02	cylinder	(-5.805698e-04 -1.700913e-06 -6.200565e-05)	(-1.255289e-04 1.700913e-06 6.189554e-05)
1.430000e+02	obstacle	(-1.323036e-03 -8.449750e-06 -7.653828e-04)	(8.709112e-05 8.449762e-06 7.514923e-04)
1.440000e+02	cylinder	(-5.805698e-04 -1.701627e-06 -6.198542e-05)	(-1.255702e-04 1.701627e-06 6.191369e-05)
1.440000e+02	obstacle	(-1.320441e-03 -8.395716e-06 -7.654658e-04)	(8.507954e-05 8.395721e-06 7.521363e-04)
1.450000e+02	cylinder	(-5.805698e-04 -1.699983e-06 -6.195549e-05)	(-1.257755e-04 1.699983e-06 6.194115e-05)
1.450000e+02	obstacle	(-1.315039e-03 -8.307962e-06 -7.641812e-04)	(8.932824e-05 8.307958e-06 7.542253e-04)
1.460000e+02	cylinder	(-5.805698e-04 -1.706202e-06 -6.192123e-05)	(-1.261124e-04 1.706202e-06 6.197233e-05)
1.460000e+02	obstacle	(-1.317072e-03 -8.387285e-06 -7.617098e-04)	(9.257584e-05 8.387309e-06 7.575181e-04)
1.470000e+02	cylinder	(-5.805698e-04 -1.715600e-06 -6.188926e-05)	(-1.263153e-04 1.715600e-06 6.200061e-05)
1.470000e+02	obstacle	(-1.327789e-03 -8.514416e-06 -7.585404e-04)	(9.424104e-05 8.514443e-06 7.614886e-04)
1.480000e+02	cylinder	(-5.805698e-04 -1.724060e-06 -6.186683e-05)	(-1.259231e-04 1.724060e-06 6.201880e-05)
1.480000e+02	obstacle	(-1.336321e-03 -8.607265e-06 -7.553742e-04)	(9.391314e-05 8.607292e-06 7.654036e-04)
1.490000e+02	cylinder	(-5.805699e-04 -1.730292e-06 -6.185930e-05)	(-1.256312e-04 1.730292e-06 6.202197e-05)
1.490000e+02	obstacle	(-1.341189e-03 -8.646506e-06 -7.529764e-04)	(9.181820e-05 8.646528e-06 7.684423e-04)
1.500000e+02	cylinder	(-5.805699e-04 -1.731815e-06 -6.186957e-05)	(-1.254809e-04 1.731815e-06 6.200808e-05)
1.500000e+02	obstacle	(-1.341487e-03 -8.624893e-06 -7.520187e-04)	(8.782713e-05 8.624906e-06 7.701558e-04)
1.510000e+02	cylinder	(-5.805698e-04 -1.729959e-06 -6.189623e-05)	(-1.255082e-04 1.729959e-06 6.197804e-05)
1.510000e+02	obstacle	(-1.337410e-03 -8.545279e-06 -7.529788e-04)	(8.618673e-05 8.545281e-06 7.699551e-04)
1.520000e+02	cylinder	(-5.805698e-04 -1.725124e-06 -6.193382e-05)	(-1.257055e-04 1.725124e-06 6.193663e-05)
1.520000e+02	obstacle	(-1.329667e-03 -8.423080e-06 -7.558187e-04)	(9.149200e-05 8.423073e-06 7.679614e-04)
1.530000e+02	cylinder	(-5.805698e-04 -1.736394e-06 -6.197402e-05)	(-1.260340e-04 1.736394e-06 6.189187e-05)
1.530000e+02	obstacle	(-1.332804e-03 -8.542104e-06 -7.600851e-04)	(9.530348e-05 8.542136e-06 7.644841e-04)
1.540000e+02	cylinder	(-5.805698e-04 -1.745922e-06 -6.200768e-05)	(-1.262290e-04 1.745922e-06 6.185287e-05)
1.540000e+02	obstacle	(-1.345795e-03 -8.694954e-06 -7.647501e-04)	(9.704933e-05 8.694990e-06 7.602617e-04)
1.550000e+02	cylinder	(-5.805699e-04 -1.755033e-06 -6.202590e-05)	(-1.258173e-04 1.755033e-06 6.182874e-05)
1.550000e+02	obstacle	(-1.355728e-03 -8.795647e-06 -7.692613e-04)	(9.644393e-05 8.795680e-06 7.562544e-04)
1.560000e+02	cylinder	(-5.805699e-04 -1.758413e-06 -6.202350e-05)	(-1.254994e-04 1.758413e-06 6.182555e-05)
1.560000e+02	obstacle	(-1.360335e-03 -8.825383e-06 -7.726602e-04)	(9.328939e-05 8.825407e-06 7.534608e-04)
1.570000e+02	cylinder	(-5.805699e-04 -1.757463e-06 -6.199930e-05)	(-1.253370e-04 1.757463e-06 6.184548e-05)
1.570000e+02	obstacle	(-1.358798e-03 -8.775446e-06 -7.741964e-04)	(8.738110e-05 8.775457e-06 7.526837e-04)
1.580000e+02	cylinder	(-5.805698e-04 -1.751377e-06 -6.195655e-05)	(-1.253603e-04 1.751377e-06 6.188416e-05)
1.580000e+02	obstacle	(-1.351912e-03 -8.656316e-06 -7.735398e-04)	(8.735472e-05 8.656313e-06 7.543789e-04)
1.590000e+02	cylinder	(-5.805698e-04 -1.748391e-06 -6.190293e-05)	(-1.255666e-04 1.748391e-06 6.193329e-05)
1.590000e+02	obstacle	(-1.340873e-03 -8.533987e-06 -7.706017e-04)	(9.399981e-05 8.534017e-06 7.580410e-04)
1.600000e+02	cylinder	(-5.805698e-04 -1.761942e-06 -6.184909e-05)	(-1.259088e-04 1.761942e-06 6.198152e-05)
1.600000e+02	obstacle	(-1.351621e-03 -8.739071e-06 -7.658542e-04)	(9.831679e-05 8.739111e-06 7.630951e-04)
1.610000e+02	cylinder	(-5.805699e-04 -1.771874e-06 -6.180688e-05)	(-1.259632e-04 1.771874e-06 6.201722e-05)
1.610000e+02	obstacle	(-1.366661e-03 -8.908158e-06 -7.605304e-04)	(9.981257e-05 8.908201e-06 7.687771e-04)
1.620000e+02	cylinder	(-5.805699e-04 -1.779645e-06 -6.178635e-05)	(-1.255416e-04 1.779645e-06 6.203090e-05)
1.620000e+02	obstacle	(-1.376672e-03 -9.002505e-06 -7.558669e-04)	(9.827613e-05 9.002542e-06 7.741697e-04)
1.630000e+02	cylinder	(-5.805699e-04 -1.780613e-06 -6.179308e-05)	(-1.252332e-04 1.780613e-06 6.201873e-05)
1.630000e+02	obstacle	(-1.379677e-03 -9.002965e-06 -7.530355e-04)	(9.336832e-05 9.002988e-06 7.774997e-04)
1.640000e+02	cylinder	(-5.805699e-04 -1.774171e-06 -6.182658e-05)	(-1.250998e-04 1.774171e-06 6.198106e-05)
1.640000e+02	obstacle	(-1.375271e-03 -8.910267e-06 -7.529030e-04)	(8.558759e-05 8.910273e-06 7.780790e-04)
1.650000e+02	cylinder	(-5.805698e-04 -1.764389e-06 -6.187920e-05)	(-1.251565e-04 1.764389e-06 6.192426e-05)
1.650000e+02	obstacle	(-1.364184e-03 -8.740229e-06 -7.555006e-04)	(9.017441e-05 8.740218e-06 7.763516e-04)
1.660000e+02	cylinder	(-5.805698e-04 -1.769750e-06 -6.193926e-05)	(-1.253949e-04 1.769750e-06 6.185920e-05)
1.660000e+02	obstacle	(-1.351093e-03 -8.704534e-06 -7.602403e-04)	(9.769766e-05 8.704574e-06 7.722365e-04)
1.670000e+02	cylinder	(-5.805698e-04 -1.782894e-06 -6.199262e-05)	(-1.257573e-04 1.782895e-06 6.179968e-05)
1.670000e+02	obstacle	(-1.370518e-03 -8.936097e-06 -7.668757e-04)	(1.015960e-04 8.936147e-06 7.663246e-04)
1.680000e+02	cylinder	(-5.805699e-04 -1.792684e-06 -6.202631e-05)	(-1.255572e-04 1.792684e-06 6.175903e-05)
1.680000e+02	obstacle	(-1.386250e-03 -9.106428e-06 -7.739631e-04)	(1.020472e-04 9.106478e-06 7.600496e-04)
1.690000e+02	cylinder	(-5.805699e-04 -1.798035e-06 -6.203151e-05)	(-1.251554e-04 1.798035e-06 6.174720e-05)
1.690000e+02	obstacle	(-1.395066e-03 -9.177711e-06 -7.794644e-04)	(9.900978e-05 9.177750e-06 7.550776e-04)
1.700000e+02	cylinder	(-5.805699e-04 -1.794543e-06 -6.200592e-05)	(-1.248911e-04 1.794544e-06 6.176840e-05)
1.700000e+02	obstacle	(-1.395246e-03 -9.135439e-06 -7.821659e-04)	(9.207921e-05 9.135458e-06 7.526694e-04)
1.710000e+02	cylinder	(-5.805699e-04 -1.783085e-06 -6.195315e-05)	(-1.248168e-04 1.783085e-06 6.181758e-05)
1.710000e+02	obstacle	(-1.386881e-03 -8.988925e-06 -7.814837e-04)	(8.225102e-05 8.988922e-06 7.534253e-04)
1.720000e+02	cylinder	(-5.805698e-04 -1.769904e-06 -6.188303e-05)	(-1.249404e-04 1.769904e-06 6.188380e-05)
1.720000e+02	obstacle	(-1.371446e-03 -8.765485e-06 -7.779387e-04)	(9.274944e-05 8.765463e-06 7.570537e-04)
1.730000e+02	cylinder	(-5.805698e-04 -1.784474e-06 -6.180960e-05)	(-1.252384e-04 1.784474e-06 6.195220e-05)
1.730000e+02	obstacle	(-1.368574e-03 -8.899397e-06 -7.723880e-04)	(1.040775e-04 8.899448e-06 7.636939e-04)
1.740000e+02	cylinder	(-5.805699e-04 -1.797228e-06 -6.174888e-05)	(-1.255896e-04 1.797228e-06 6.200669e-05)
1.740000e+02	obstacle	(-1.389496e-03 -9.142983e-06 -7.653210e-04)	(1.073271e-04 9.143042e-06 7.719271e-04)
1.750000e+02	cylinder	(-5.805699e-04 -1.805258e-06 -6.171483e-05)	(-1.251323e-04 1.805258e-06 6.203377e-05)
1.750000e+02	obstacle	(-1.404713e-03 -9.298810e-06 -7.584292e-04)	(1.030725e-04 9.298864e-06 7.794057e-04)
1.760000e+02	cylinder	(-5.805699e-04 -1.806842e-06 -6.171621e-05)	(-1.247662e-04 1.806842e-06 6.202689e-05)
1.760000e+02	obstacle	(-1.411123e-03 -9.332926e-06 -7.535934e-04)	(9.816969e-05 9.332962e-06 7.844936e-04)
1.770000e+02	cylinder	(-5.805699e-04 -1.798647e-06 -6.175390e-05)	(-1.245687e-04 1.798647e-06 6.198605e-05)
1.770000e+02	obstacle	(-1.407600e-03 -9.237541e-06 -7.520860e-04)	(8.926748e-05 9.237552e-06 7.860922e-04)
1.780000e+02	cylinder	(-5.805699e-04 -1.782719e-06 -6.181860e-05)	(-1.245745e-04 1.782719e-06 6.191858e-05)
1.780000e+02	obstacle	(-1.394716e-03 -9.032758e-06 -7.538528e-04)	(8.788213e-05 9.032745e-06 7.839198e-04)
1.790000e+02	cylinder	(-5.805698e-04 -1.775444e-06 -6.189618e-05)	(-1.247718e-04 1.775444e-06 6.183766e-05)
1.790000e+02	obstacle	(-1.374951e-03 -8.782939e-06 -7.591065e-04)	(1.037692e-04 8.782982e-06 7.785541e-04)
1.800000e+02	cylinder	(-5.805698e-04 -1.792185e-06 -6.196903e-05)	(-1.251183e-04 1.792185e-06 6.175987e-05)
1.800000e+02	obstacle	(-1.384893e-03 -9.083602e-06 -7.676670e-04)	(1.141163e-04 9.083662e-06 7.716266e-04)
1.810000e+02	cylinder	(-5.805699e-04 -1.803780e-06 -6.202023e-05)	(-1.251816e-04 1.803780e-06 6.170231e-05)
1.810000e+02	obstacle	(-1.406193e-03 -9.324372e-06 -7.766533e-04)	(1.135630e-04 9.324437e-06 7.637808e-04)
1.820000e+02	cylinder	(-5.805699e-04 -1.809859e-06 -6.203693e-05)	(-1.247453e-04 1.809859e-06 6.167908e-05)
1.820000e+02	obstacle	(-1.419741e-03 -9.451312e-06 -7.841073e-04)	(1.031609e-04 9.451367e-06 7.566794e-04)
1.830000e+02	cylinder	(-5.805699e-04 -1.806887e-06 -6.201580e-05)	(-1.244337e-04 1.806887e-06 6.169684e-05)
1.830000e+02	obstacle	(-1.422791e-03 -9.436567e-06 -7.884105e-04)	(9.632199e-05 9.436600e-06 7.524479e-04)
1.840000e+02	cylinder	(-5.805699e-04 -1.792898e-06 -6.195960e-05)	(-1.243078e-04 1.792898e-06 6.175138e-05)
1.840000e+02	obstacle	(-1.414998e-03 -9.283202e-06 -7.886897e-04)	(8.556582e-05 9.283207e-06 7.518085e-04)
1.850000e+02	cylinder	(-5.805698e-04 -1.773810e-06 -6.187915e-05)	(-1.243850e-04 1.773810e-06 6.182999e-05)
1.850000e+02	obstacle	(-1.397510e-03 -9.023499e-06 -7.848492e-04)	(9.782203e-05 9.023477e-06 7.550220e-04)
1.860000e+02	cylinder	(-5.805698e-04 -1.778501e-06 -6.179079e-05)	(-1.246546e-04 1.778501e-06 6.191523e-05)
1.860000e+02	obstacle	(-1.375158e-03 -8.963794e-06 -7.779398e-04)	(1.142788e-04 8.963847e-06 7.626031e-04)
1.870000e+02	cylinder	(-5.805699e-04 -1.793321e-06 -6.171263e-05)	(-1.250533e-04 1.793321e-06 6.198822e-05)
1.870000e+02	obstacle	(-1.401086e-03 -9.275253e-06 -7.698642e-04)	(1.218686e-04 9.275322e-06 7.722493e-04)
1.880000e+02	cylinder	(-5.805699e-04 -1.804622e-06 -6.166279e-05)	(-1.248070e-04 1.804622e-06 6.203172e-05)
1.880000e+02	obstacle	(-1.421588e-03 -9.497723e-06 -7.613307e-04)	(1.164153e-04 9.497791e-06 7.815866e-04)
1.890000e+02	cylinder	(-5.805699e-04 -1.808299e-06 -6.165370e-05)	(-1.243999e-04 1.808299e-06 6.203570e-05)
1.890000e+02	obstacle	(-1.432459e-03 -9.580971e-06 -7.545189e-04)	(1.024792e-04 9.581023e-06 7.885650e-04)
1.900000e+02	cylinder	(-5.805699e-04 -1.800076e-06 -6.168891e-05)	(-1.241485e-04 1.800076e-06 6.199889e-05)
1.900000e+02	obstacle	(-1.431507e-03 -9.509749e-06 -7.512979e-04)	(9.363225e-05 9.509770e-06 7.916940e-04)
1.910000e+02	cylinder	(-5.805699e-04 -1.782675e-06 -6.175914e-05)	(-1.241027e-04 1.782675e-06 6.192786e-05)
1.910000e+02	obstacle	(-1.419026e-03 -9.296550e-06 -7.519160e-04)	(8.900648e-05 9.296539e-06 7.903675e-04)
1.920000e+02	cylinder	(-5.805698e-04 -1.761647e-06 -6.184875e-05)	(-1.242692e-04 1.761647e-06 6.183687e-05)
1.920000e+02	obstacle	(-1.397203e-03 -8.987993e-06 -7.570145e-04)	(1.080591e-04 8.987957e-06 7.847676e-04)
1.930000e+02	cylinder	(-5.805698e-04 -1.779269e-06 -6.193800e-05)	(-1.246189e-04 1.779269e-06 6.174466e-05)
1.930000e+02	obstacle	(-1.389291e-03 -9.133823e-06 -7.662532e-04)	(1.233418e-04 9.133890e-06 7.765247e-04)
1.940000e+02	cylinder	(-5.805699e-04 -1.794710e-06 -6.200691e-05)	(-1.249539e-04 1.794710e-06 6.167057e-05)
1.940000e+02	obstacle	(-1.415473e-03 -9.439654e-06 -7.766478e-04)	(1.266695e-04 9.439732e-06 7.675679e-04)
1.950000e+02	cylinder	(-5.805699e-04 -1.804394e-06 -6.203919e-05)	(-1.244828e-04 1.804394e-06 6.163256e-05)
1.950000e+02	obstacle	(-1.434120e-03 -9.627804e-06 -7.858605e-04)	(1.155637e-04 9.627874e-06 7.589437e-04)
1.960000e+02	cylinder	(-5.805699e-04 -1.804682e-06 -6.202809e-05)	(-1.241173e-04 1.804682e-06 6.164058e-05)
1.960000e+02	obstacle	(-1.441298e-03 -9.657918e-06 -7.919537e-04)	(1.011245e-04 9.657962e-06 7.528503e-04)
1.970000e+02	cylinder	(-5.805699e-04 -1.792241e-06 -6.197520e-05)	(-1.239368e-04 1.792241e-06 6.169299e-05)
1.970000e+02	obstacle	(-1.435824e-03 -9.525780e-06 -7.936263e-04)	(9.045656e-05 9.525789e-06 7.506031e-04)
1.980000e+02	cylinder	(-5.805699e-04 -1.770975e-06 -6.189089e-05)	(-1.239733e-04 1.770975e-06 6.177710e-05)
1.980000e+02	obstacle	(-1.418611e-03 -9.256004e-06 -7.905969e-04)	(9.750097e-05 9.255981e-06 7.528220e-04)
1.990000e+02	cylinder	(-5.805698e-04 -1.763139e-06 -6.179260e-05)	(-1.242286e-04 1.763139e-06 6.187421e-05)
1.990000e+02	obstacle	(-1.392962e-03 -8.947654e-06 -7.833334e-04)	(1.178834e-04 8.947709e-06 7.602337e-04)
2.000000e+02	cylinder	(-5.805699e-04 -1.782148e-06 -6.170013e-05)	(-1.246401e-04 1.782148e-06 6.196332e-05)
2.000000e+02	obstacle	(-1.403947e-03 -9.311262e-06 -7.742064e-04)	(1.303773e-04 9.311339e-06 7.706155e-04)
2.010000e+02	cylinder	(-5.805699e-04 -1.797737e-06 -6.163429e-05)	(-1.246657e-04 1.797738e-06 6.202415e-05)
2.010000e+02	obstacle	(-1.429320e-03 -9.596075e-06 -7.646978e-04)	(1.283997e-04 9.596158e-06 7.813245e-04)
2.020000e+02	cylinder	(-5.805699e-04 -1.806468e-06 -6.161114e-05)	(-1.242128e-04 1.806468e-06 6.204225e-05)
2.020000e+02	obstacle	(-1.445016e-03 -9.736957e-06 -7.561920e-04)	(1.116784e-04 9.737023e-06 7.900610e-04)
2.030000e+02	cylinder	(-5.805699e-04 -1.801854e-06 -6.163756e-05)	(-1.239024e-04 1.801854e-06 6.201482e-05)
2.030000e+02	obstacle	(-1.447845e-03 -9.707572e-06 -7.512060e-04)	(9.860215e-05 9.707606e-06 7.949112e-04)
2.040000e+02	cylinder	(-5.805699e-04 -1.784494e-06 -6.170630e-05)	(-1.237998e-04 1.784494e-06 6.194637e-05)
2.040000e+02	obstacle	(-1.437513e-03 -9.513719e-06 -7.503716e-04)	(8.939598e-05 9.513715e-06 7.949385e-04)
2.050000e+02	cylinder	(-5.805699e-04 -1.761378e-06 -6.180171e-05)	(-1.239256e-04 1.761378e-06 6.185115e-05)
2.050000e+02	obstacle	(-1.415792e-03 -9.191771e-06 -7.544666e-04)	(1.072368e-04 9.191736e-06 7.900920e-04)
2.060000e+02	cylinder	(-5.805698e-04 -1.770300e-06 -6.190287e-05)	(-1.242573e-04 1.770300e-06 6.174900e-05)
2.060000e+02	obstacle	(-1.387351e-03 -9.106101e-06 -7.637065e-04)	(1.268309e-04 9.106168e-06 7.812709e-04)
2.070000e+02	cylinder	(-5.805699e-04 -1.789062e-06 -6.198794e-05)	(-1.247137e-04 1.789062e-06 6.166019e-05)
2.070000e+02	obstacle	(-1.417382e-03 -9.465580e-06 -7.749061e-04)	(1.348837e-04 9.465666e-06 7.714521e-04)
2.080000e+02	cylinder	(-5.805699e-04 -1.803189e-06 -6.203690e-05)	(-1.243884e-04 1.803190e-06 6.160622e-05)
2.080000e+02	obstacle	(-1.440802e-03 -9.714945e-06 -7.855420e-04)	(1.268258e-04 9.715027e-06 7.617536e-04)
2.090000e+02	cylinder	(-5.805700e-04 -1.807762e-06 -6.203903e-05)	(-1.239708e-04 1.807763e-06 6.160068e-05)
2.090000e+02	obstacle	(-1.452656e-03 -9.800727e-06 -7.934068e-04)	(1.056759e-04 9.800785e-06 7.539910e-04)
2.100000e+02	cylinder	(-5.805699e-04 -1.799418e-06 -6.199448e-05)	(-1.237271e-04 1.799418e-06 6.164545e-05)
2.100000e+02	obstacle	(-1.450705e-03 -9.706052e-06 -7.967226e-04)	(9.567522e-05 9.706079e-06 7.501145e-04)
2.110000e+02	cylinder	(-5.805699e-04 -1.778459e-06 -6.191187e-05)	(-1.237109e-04 1.778460e-06 6.172901e-05)
2.110000e+02	obstacle	(-1.435384e-03 -9.451425e-06 -7.949427e-04)	(9.461365e-05 9.451421e-06 7.509715e-04)
2.120000e+02	cylinder	(-5.805698e-04 -1.758223e-06 -6.180850e-05)	(-1.239254e-04 1.758223e-06 6.183268e-05)
2.120000e+02	obstacle	(-1.409604e-03 -9.086726e-06 -7.882946e-04)	(1.169962e-04 9.086690e-06 7.574659e-04)
2.130000e+02	cylinder	(-5.805699e-04 -1.779303e-06 -6.170528e-05)	(-1.243238e-04 1.779303e-06 6.193424e-05)
2.130000e+02	obstacle	(-1.401443e-03 -9.278552e-06 -7.783597e-04)	(1.343388e-04 9.278622e-06 7.679939e-04)
2.140000e+02	cylinder	(-5.805699e-04 -1.797453e-06 -6.162443e-05)	(-1.246349e-04 1.797453e-06 6.201096e-05)
2.140000e+02	obstacle	(-1.430794e-03 -9.618964e-06 -7.681520e-04)	(1.367901e-04 9.619048e-06 7.796129e-04)
2.150000e+02	cylinder	(-5.805700e-04 -1.810207e-06 -6.158560e-05)	(-1.241462e-04 1.810207e-06 6.204506e-05)
2.150000e+02	obstacle	(-1.451348e-03 -9.820662e-06 -7.585171e-04)	(1.224072e-04 9.820743e-06 7.898108e-04)
2.160000e+02	cylinder	(-5.805700e-04 -1.810842e-06 -6.159940e-05)	(-1.237712e-04 1.810842e-06 6.202982e-05)
2.160000e+02	obstacle	(-1.458481e-03 -9.842474e-06 -7.518061e-04)	(1.033902e-04 9.842530e-06 7.964044e-04)
2.170000e+02	cylinder	(-5.805699e-04 -1.797249e-06 -6.166174e-05)	(-1.236004e-04 1.797249e-06 6.196845e-05)
2.170000e+02	obstacle	(-1.451404e-03 -9.680584e-06 -7.494501e-04)	(9.148837e-05 9.680604e-06 7.979456e-04)
2.180000e+02	cylinder	(-5.805699e-04 -1.772577e-06 -6.175775e-05)	(-1.236705e-04 1.772577e-06 6.187358e-05)
2.180000e+02	obstacle	(-1.431251e-03 -9.369641e-06 -7.521321e-04)	(1.036686e-04 9.369623e-06 7.943079e-04)
2.190000e+02	cylinder	(-5.805698e-04 -1.768353e-06 -6.186643e-05)	(-1.239650e-04 1.768353e-06 6.176538e-05)
2.190000e+02	obstacle	(-1.402059e-03 -9.033138e-06 -7.608054e-04)	(1.264966e-04 9.033196e-06 7.859668e-04)
2.200000e+02	cylinder	(-5.805699e-04 -1.791310e-06 -6.196456e-05)	(-1.244166e-04 1.791310e-06 6.166485e-05)
2.200000e+02	obstacle	(-1.414779e-03 -9.431497e-06 -7.723191e-04)	(1.397188e-04 9.431585e-06 7.752879e-04)
2.210000e+02	cylinder	(-5.805699e-04 -1.807993e-06 -6.202947e-05)	(-1.243877e-04 1.807993e-06 6.159553e-05)
2.210000e+02	obstacle	(-1.442409e-03 -9.737677e-06 -7.839911e-04)	(1.355870e-04 9.737769e-06 7.647847e-04)
2.220000e+02	cylinder	(-5.805700e-04 -1.816891e-06 -6.204633e-05)	(-1.239212e-04 1.816891e-06 6.157442e-05)
2.220000e+02	obstacle	(-1.459215e-03 -9.882531e-06 -7.934067e-04)	(1.151064e-04 9.882603e-06 7.557704e-04)
2.230000e+02	cylinder	(-5.805700e-04 -1.812514e-06 -6.201313e-05)	(-1.236103e-04 1.812514e-06 6.160816e-05)
2.230000e+02	obstacle	(-1.461102e-03 -9.836054e-06 -7.984222e-04)	(1.002328e-04 9.836088e-06 7.502979e-04)
2.240000e+02	cylinder	(-5.805699e-04 -1.793430e-06 -6.193616e-05)	(-1.235288e-04 1.793430e-06 6.168675e-05)
2.240000e+02	obstacle	(-1.448750e-03 -9.610348e-06 -7.980641e-04)	(9.245788e-05 9.610340e-06 7.496408e-04)
2.250000e+02	cylinder	(-5.805699e-04 -1.766996e-06 -6.183164e-05)	(-1.236881e-04 1.766996e-06 6.179261e-05)
2.250000e+02	obstacle	(-1.424114e-03 -9.250667e-06 -7.924519e-04)	(1.135234e-04 9.250626e-06 7.547842e-04)
2.260000e+02	cylinder	(-5.805698e-04 -1.780267e-06 -6.172115e-05)	(-1.240552e-04 1.780267e-06 6.190279e-05)
2.260000e+02	obstacle	(-1.396035e-03 -9.204099e-06 -7.826127e-04)	(1.347214e-04 9.204173e-06 7.649969e-04)
2.270000e+02	cylinder	(-5.805699e-04 -1.801450e-06 -6.162730e-05)	(-1.245469e-04 1.801450e-06 6.199329e-05)
2.270000e+02	obstacle	(-1.428419e-03 -9.588554e-06 -7.717000e-04)	(1.423085e-04 9.588648e-06 7.771098e-04)
2.280000e+02	cylinder	(-5.805699e-04 -1.816845e-06 -6.157293e-05)	(-1.241563e-04 1.816845e-06 6.204323e-05)
2.280000e+02	obstacle	(-1.453543e-03 -9.848435e-06 -7.612450e-04)	(1.313137e-04 9.848525e-06 7.884772e-04)
2.290000e+02	cylinder	(-5.805700e-04 -1.821799e-06 -6.157188e-05)	(-1.237328e-04 1.821799e-06 6.204185e-05)
2.290000e+02	obstacle	(-1.465441e-03 -9.927435e-06 -7.530205e-04)	(1.074732e-04 9.927496e-06 7.966702e-04)
2.300000e+02	cylinder	(-5.805699e-04 -1.811099e-06 -6.162460e-05)	(-1.234971e-04 1.811099e-06 6.199053e-05)
2.300000e+02	obstacle	(-1.461813e-03 -9.811069e-06 -7.491677e-04)	(9.652257e-05 9.811088e-06 7.998485e-04)
2.310000e+02	cylinder	(-5.805699e-04 -1.788237e-06 -6.171736e-05)	(-1.235072e-04 1.788237e-06 6.189960e-05)
2.310000e+02	obstacle	(-1.444247e-03 -9.523840e-06 -7.504243e-04)	(9.904835e-05 9.523818e-06 7.975406e-04)
2.320000e+02	cylinder	(-5.805698e-04 -1.769900e-06 -6.182965e-05)	(-1.237519e-04 1.769900e-06 6.178872e-05)
2.320000e+02	obstacle	(-1.415716e-03 -9.123718e-06 -7.578930e-04)	(1.234173e-04 9.123668e-06 7.900998e-04)
2.330000e+02	cylinder	(-5.805699e-04 -1.792250e-06 -6.193739e-05)	(-1.241808e-04 1.792250e-06 6.167942e-05)
2.330000e+02	obstacle	(-1.409395e-03 -9.362603e-06 -7.693083e-04)	(1.411862e-04 9.362688e-06 7.789948e-04)
2.340000e+02	cylinder	(-5.805699e-04 -1.811825e-06 -6.201666e-05)	(-1.244350e-04 1.811825e-06 6.159623e-05)
2.340000e+02	obstacle	(-1.440469e-03 -9.716894e-06 -7.816407e-04)	(1.420968e-04 9.716992e-06 7.680361e-04)
2.350000e+02	cylinder	(-5.805700e-04 -1.824692e-06 -6.204921e-05)	(-1.239354e-04 1.824692e-06 6.155944e-05)
2.350000e+02	obstacle	(-1.461813e-03 -9.919657e-06 -7.923130e-04)	(1.242419e-04 9.919742e-06 7.580051e-04)
2.360000e+02	cylinder	(-5.805700e-04 -1.823830e-06 -6.202913e-05)	(-1.235687e-04 1.823830e-06 6.157934e-05)
2.360000e+02	obstacle	(-1.468205e-03 -9.927445e-06 -7.989833e-04)	(1.045701e-04 9.927493e-06 7.510912e-04)
2.370000e+02	cylinder	(-5.805699e-04 -1.807123e-06 -6.196080e-05)	(-1.234208e-04 1.807123e-06 6.164980e-05)
2.370000e+02	obstacle	(-1.459100e-03 -9.741025e-06 -8.001685e-04)	(9.293068e-05 9.741028e-06 7.488811e-04)
2.380000e+02	cylinder	(-5.805699e-04 -1.781446e-06 -6.185838e-05)	(-1.235204e-04 1.781446e-06 6.175415e-05)
2.380000e+02	obstacle	(-1.436582e-03 -9.398905e-06 -7.958238e-04)	(1.085642e-04 9.398870e-06 7.524070e-04)
2.390000e+02	cylinder	(-5.805698e-04 -1.779929e-06 -6.174377e-05)	(-1.238443e-04 1.779929e-06 6.186912e-05)
2.390000e+02	obstacle	(-1.404902e-03 -9.108939e-06 -7.866618e-04)	(1.324963e-04 9.109007e-06 7.619378e-04)
2.400000e+02	cylinder	(-5.805699e-04 -1.803464e-06 -6.163956e-05)	(-1.243209e-04 1.803464e-06 6.197089e-05)
2.400000e+02	obstacle	(-1.423337e-03 -9.526724e-06 -7.752080e-04)	(1.451620e-04 9.526817e-06 7.741654e-04)
2.410000e+02	cylinder	(-5.805699e-04 -1.821757e-06 -6.157055e-05)	(-1.242058e-04 1.821757e-06 6.203580e-05)
2.410000e+02	obstacle	(-1.452216e-03 -9.837568e-06 -7.641420e-04)	(1.387985e-04 9.837665e-06 7.863624e-04)
2.420000e+02	cylinder	(-5.805700e-04 -1.828751e-06 -6.155376e-05)	(-1.237405e-04 1.828751e-06 6.204907e-05)
2.420000e+02	obstacle	(-1.468697e-03 -9.975517e-06 -7.547790e-04)	(1.150891e-04 9.975590e-06 7.959376e-04)
2.430000e+02	cylinder	(-5.805700e-04 -1.822669e-06 -6.159441e-05)	(-1.234439e-04 1.822669e-06 6.201005e-05)
2.430000e+02	obstacle	(-1.469314e-03 -9.908968e-06 -7.494674e-04)	(1.007293e-04 9.908999e-06 8.007625e-04)
2.440000e+02	cylinder	(-5.805699e-04 -1.801456e-06 -6.168079e-05)	(-1.233887e-04 1.801456e-06 6.192613e-05)
2.440000e+02	obstacle	(-1.454667e-03 -9.655363e-06 -7.492246e-04)	(9.517209e-05 9.655350e-06 7.998779e-04)
2.450000e+02	cylinder	(-5.805699e-04 -1.773291e-06 -6.179321e-05)	(-1.235768e-04 1.773291e-06 6.181526e-05)
2.450000e+02	obstacle	(-1.427770e-03 -9.267327e-06 -7.552056e-04)	(1.186706e-04 9.267282e-06 7.935912e-04)
2.460000e+02	cylinder	(-5.805698e-04 -1.790735e-06 -6.190798e-05)	(-1.239706e-04 1.790735e-06 6.170033e-05)
2.460000e+02	obstacle	(-1.402328e-03 -9.272707e-06 -7.661617e-04)	(1.401110e-04 9.272787e-06 7.829652e-04)
2.470000e+02	cylinder	(-5.805699e-04 -1.812382e-06 -6.199981e-05)	(-1.244813e-04 1.812382e-06 6.160534e-05)
2.470000e+02	obstacle	(-1.435882e-03 -9.666404e-06 -7.788248e-04)	(1.462328e-04 9.666502e-06 7.713272e-04)
2.480000e+02	cylinder	(-5.805700e-04 -1.828267e-06 -6.204742e-05)	(-1.239795e-04 1.828267e-06 6.155337e-05)
2.480000e+02	obstacle	(-1.461341e-03 -9.922900e-06 -7.904976e-04)	(1.324230e-04 9.922993e-06 7.605212e-04)
2.490000e+02	cylinder	(-5.805700e-04 -1.831683e-06 -6.204110e-05)	(-1.235647e-04 1.831683e-06 6.155820e-05)
2.490000e+02	obstacle	(-1.472309e-03 -9.986368e-06 -7.986624e-04)	(1.081729e-04 9.986428e-06 7.523606e-04)
2.500000e+02	cylinder	(-5.805699e-04 -1.818312e-06 -6.198333e-05)	(-1.233517e-04 1.818312e-06 6.161828e-05)
2.500000e+02	obstacle	(-1.466940e-03 -9.846286e-06 -8.014214e-04)	(9.637595e-05 9.846301e-06 7.486726e-04)
2.510000e+02	cylinder	(-5.805699e-04 -1.792317e-06 -6.188620e-05)	(-1.233903e-04 1.792318e-06 6.171803e-05)
2.510000e+02	obstacle	(-1.447150e-03 -9.532615e-06 -7.984347e-04)	(1.029482e-04 9.532588e-06 7.504793e-04)
2.520000e+02	cylinder	(-5.805698e-04 -1.777245e-06 -6.177000e-05)	(-1.236638e-04 1.777245e-06 6.183523e-05)
2.520000e+02	obstacle	(-1.416567e-03 -9.109148e-06 -7.902538e-04)	(1.284545e-04 9.109093e-06 7.589964e-04)
2.530000e+02	cylinder	(-5.805699e-04 -1.800488e-06 -6.165811e-05)	(-1.241162e-04 1.800488e-06 6.194577e-05)
2.530000e+02	obstacle	(-1.416564e-03 -9.445501e-06 -7.785734e-04)	(1.455630e-04 9.445591e-06 7.710227e-04)
2.540000e+02	cylinder	(-5.805699e-04 -1.820459e-06 -6.157603e-05)	(-1.242758e-04 1.820459e-06 6.202419e-05)
2.540000e+02	obstacle	(-1.448443e-03 -9.801396e-06 -7.671797e-04)	(1.443103e-04 9.801495e-06 7.837520e-04)
2.550000e+02	cylinder	(-5.805700e-04 -1.832189e-06 -6.154370e-05)	(-1.237787e-04 1.832189e-06 6.205246e-05)
2.550000e+02	obstacle	(-1.469236e-03 -9.993545e-06 -7.569510e-04)	(1.236526e-04 9.993630e-06 7.944804e-04)
2.560000e+02	cylinder	(-5.805700e-04 -1.829850e-06 -6.157051e-05)	(-1.234274e-04 1.829850e-06 6.202626e-05)
2.560000e+02	obstacle	(-1.474243e-03 -9.980485e-06 -7.502435e-04)	(1.045172e-04 9.980530e-06 8.008722e-04)
2.570000e+02	cylinder	(-5.805699e-04 -1.810653e-06 -6.164809e-05)	(-1.233086e-04 1.810653e-06 6.195138e-05)
2.570000e+02	obstacle	(-1.462991e-03 -9.768782e-06 -7.484958e-04)	(9.415318e-05 9.768781e-06 8.015091e-04)
2.580000e+02	cylinder	(-5.805699e-04 -1.782223e-06 -6.175799e-05)	(-1.234378e-04 1.782223e-06 6.184356e-05)
2.580000e+02	obstacle	(-1.438437e-03 -9.402114e-06 -7.528221e-04)	(1.129706e-04 9.402075e-06 7.964863e-04)
2.590000e+02	cylinder	(-5.805698e-04 -1.786495e-06 -6.187704e-05)	(-1.237895e-04 1.786495e-06 6.172538e-05)
2.590000e+02	obstacle	(-1.404976e-03 -9.171424e-06 -7.630359e-04)	(1.371052e-04 9.171497e-06 7.866259e-04)
2.600000e+02	cylinder	(-5.805699e-04 -1.809499e-06 -6.197946e-05)	(-1.242860e-04 1.809499e-06 6.162063e-05)
2.600000e+02	obstacle	(-1.429588e-03 -9.596007e-06 -7.757518e-04)	(1.482944e-04 9.596103e-06 7.745887e-04)
2.610000e+02	cylinder	(-5.805699e-04 -1.827018e-06 -6.204132e-05)	(-1.240518e-04 1.827018e-06 6.155460e-05)
2.610000e+02	obstacle	(-1.458573e-03 -9.901425e-06 -7.881531e-04)	(1.391746e-04 9.901522e-06 7.632555e-04)
2.620000e+02	cylinder	(-5.805700e-04 -1.834147e-06 -6.204920e-05)	(-1.235963e-04 1.834147e-06 6.154392e-05)
2.620000e+02	obstacle	(-1.473975e-03 -1.002071e-05 -7.976539e-04)	(1.128140e-04 1.002078e-05 7.540261e-04)
2.630000e+02	cylinder	(-5.805700e-04 -1.824474e-06 -6.200346e-05)	(-1.233236e-04 1.824474e-06 6.159171e-05)
2.630000e+02	obstacle	(-1.472837e-03 -9.931124e-06 -8.019915e-04)	(1.003954e-04 9.931151e-06 7.489450e-04)
2.640000e+02	cylinder	(-5.805699e-04 -1.801578e-06 -6.191345e-05)	(-1.232996e-04 1.801578e-06 6.168456e-05)
2.640000e+02	obstacle	(-1.456052e-03 -9.651613e-06 -8.004419e-04)	(9.797813e-05 9.651596e-06 7.492836e-04)
2.650000e+02	cylinder	(-5.805698e-04 -1.772349e-06 -6.179816e-05)	(-1.235185e-04 1.772349e-06 6.180164e-05)
2.650000e+02	obstacle	(-1.427257e-03 -9.241688e-06 -7.934009e-04)	(1.232074e-04 9.241639e-06 7.562789e-04)
2.660000e+02	cylinder	(-5.805699e-04 -1.795193e-06 -6.168101e-05)	(-1.239380e-04 1.795193e-06 6.191852e-05)
2.660000e+02	obstacle	(-1.408758e-03 -9.350986e-06 -7.821438e-04)	(1.440619e-04 9.351070e-06 7.678388e-04)
2.670000e+02	cylinder	(-5.805699e-04 -1.817105e-06 -6.158747e-05)	(-1.243683e-04 1.817105e-06 6.200879e-05)
2.670000e+02	obstacle	(-1.442899e-03 -9.744735e-06 -7.702784e-04)	(1.480667e-04 9.744834e-06 7.808290e-04)
2.680000e+02	cylinder	(-5.805700e-04 -1.831849e-06 -6.154035e-05)	(-1.238476e-04 1.831849e-06 6.205173e-05)
2.680000e+02	obstacle	(-1.467629e-03 -9.988035e-06 -7.593719e-04)	(1.313885e-04 9.988126e-06 7.924930e-04)
2.690000e+02	cylinder	(-5.805700e-04 -1.832902e-06 -6.155231e-05)	(-1.234484e-04 1.832902e-06 6.203910e-05)
2.690000e+02	obstacle	(-1.477048e-03 -1.002998e-05 -7.514302e-04)	(1.079174e-04 1.003004e-05 8.003246e-04)
2.700000e+02	cylinder	(-5.805699e-04 -1.817132e-06 -6.161933e-05)	(-1.232651e-04 1.817132e-06 6.197461e-05)
2.700000e+02	obstacle	(-1.469702e-03 -9.864843e-06 -7.482330e-04)	(9.521707e-05 9.864853e-06 8.024974e-04)
2.710000e+02	cylinder	(-5.805699e-04 -1.790593e-06 -6.172442e-05)	(-1.233351e-04 1.790593e-06 6.187214e-05)
2.710000e+02	obstacle	(-1.447808e-03 -9.525676e-06 -7.507934e-04)	(1.069659e-04 9.525645e-06 7.988292e-04)
2.720000e+02	cylinder	(-5.805698e-04 -1.779972e-06 -6.184539e-05)	(-1.236377e-04 1.779972e-06 6.175284e-05)
2.720000e+02	obstacle	(-1.415559e-03 -9.084755e-06 -7.600600e-04)	(1.326872e-04 9.084698e-06 7.899573e-04)
2.730000e+02	cylinder	(-5.805699e-04 -1.803238e-06 -6.195608e-05)	(-1.241114e-04 1.803238e-06 6.164068e-05)
2.730000e+02	obstacle	(-1.422230e-03 -9.511148e-06 -7.725583e-04)	(1.486249e-04 9.511240e-06 7.777656e-04)
2.740000e+02	cylinder	(-5.805699e-04 -1.823209e-06 -6.203111e-05)	(-1.241454e-04 1.823209e-06 6.156174e-05)
2.740000e+02	obstacle	(-1.454040e-03 -9.859772e-06 -7.854622e-04)	(1.445892e-04 9.859871e-06 7.661318e-04)
2.750000e+02	cylinder	(-5.805700e-04 -1.834088e-06 -6.205355e-05)	(-1.236572e-04 1.834088e-06 6.153554e-05)
2.750000e+02	obstacle	(-1.473614e-03 -1.003278e-05 -7.960653e-04)	(1.211876e-04 1.003286e-05 7.560183e-04)
2.760000e+02	cylinder	(-5.805700e-04 -1.828524e-06 -6.202064e-05)	(-1.233283e-04 1.828524e-06 6.156986e-05)
2.760000e+02	obstacle	(-1.476804e-03 -9.995497e-06 -8.019430e-04)	(1.038251e-04 9.995536e-06 7.496387e-04)
2.770000e+02	cylinder	(-5.805699e-04 -1.807737e-06 -6.193930e-05)	(-1.232418e-04 1.807737e-06 6.165400e-05)
2.770000e+02	obstacle	(-1.463438e-03 -9.757454e-06 -8.019037e-04)	(9.525853e-05 9.757447e-06 7.485035e-04)
2.780000e+02	cylinder	(-5.805699e-04 -1.777754e-06 -6.182721e-05)	(-1.234025e-04 1.777754e-06 6.176862e-05)
2.780000e+02	obstacle	(-1.436975e-03 -9.369244e-06 -7.961105e-04)	(1.172385e-04 9.369200e-06 7.538463e-04)
2.790000e+02	cylinder	(-5.805698e-04 -1.788607e-06 -6.170696e-05)	(-1.237811e-04 1.788607e-06 6.188952e-05)
2.790000e+02	obstacle	(-1.402172e-03 -9.247684e-06 -7.855976e-04)	(1.409488e-04 9.247761e-06 7.647056e-04)
2.800000e+02	cylinder	(-5.805699e-04 -1.811363e-06 -6.160372e-05)	(-1.242938e-04 1.811363e-06 6.198999e-05)
2.800000e+02	obstacle	(-1.436040e-03 -9.671735e-06 -7.733809e-04)	(1.501322e-04 9.671833e-06 7.777189e-04)
2.810000e+02	cylinder	(-5.805700e-04 -1.828190e-06 -6.154268e-05)	(-1.239373e-04 1.828191e-06 6.204690e-05)
2.810000e+02	obstacle	(-1.464277e-03 -9.963065e-06 -7.619640e-04)	(1.381169e-04 9.963160e-06 7.901118e-04)
2.820000e+02	cylinder	(-5.805700e-04 -1.833232e-06 -6.153930e-05)	(-1.234969e-04 1.833233e-06 6.204831e-05)
2.820000e+02	obstacle	(-1.478053e-03 -1.005978e-05 -7.529373e-04)	(1.107496e-04 1.005984e-05 7.992328e-04)
2.830000e+02	cylinder	(-5.805700e-04 -1.822052e-06 -6.159434e-05)	(-1.232520e-04 1.822052e-06 6.199555e-05)
2.830000e+02	obstacle	(-1.474866e-03 -9.943116e-06 -7.484127e-04)	(9.933328e-05 9.943138e-06 8.029506e-04)
2.840000e+02	cylinder	(-5.805699e-04 -1.796497e-06 -6.169279e-05)	(-1.232610e-04 1.796497e-06 6.189972e-05)
2.840000e+02	obstacle	(-1.455961e-03 -9.639302e-06 -7.494399e-04)	(1.011926e-04 9.639280e-06 8.006783e-04)
2.850000e+02	cylinder	(-5.805698e-04 -1.772385e-06 -6.181346e-05)	(-1.235106e-04 1.772385e-06 6.178155e-05)
2.850000e+02	obstacle	(-1.425500e-03 -9.211176e-06 -7.572920e-04)	(1.273343e-04 9.211124e-06 7.929531e-04)
2.860000e+02	cylinder	(-5.805699e-04 -1.797114e-06 -6.193045e-05)	(-1.239531e-04 1.797114e-06 6.166407e-05)
2.860000e+02	obstacle	(-1.414109e-03 -9.414877e-06 -7.693460e-04)	(1.471668e-04 9.414965e-06 7.811477e-04)
2.870000e+02	cylinder	(-5.805699e-04 -1.817627e-06 -6.201724e-05)	(-1.242528e-04 1.817627e-06 6.157377e-05)
2.870000e+02	obstacle	(-1.448131e-03 -9.801309e-06 -7.825187e-04)	(1.484996e-04 9.801409e-06 7.690934e-04)
2.880000e+02	cylinder	(-5.805700e-04 -1.830625e-06 -6.205411e-05)	(-1.237391e-04 1.830625e-06 6.153291e-05)
2.880000e+02	obstacle	(-1.471590e-03 -1.002566e-05 -7.940590e-04)	(1.288749e-04 1.002575e-05 7.582703e-04)
2.890000e+02	cylinder	(-5.805700e-04 -1.830523e-06 -6.203450e-05)	(-1.233608e-04 1.830523e-06 6.155257e-05)
2.890000e+02	obstacle	(-1.479059e-03 -1.004240e-05 -8.013585e-04)	(1.071703e-04 1.004246e-05 7.507067e-04)
2.900000e+02	cylinder	(-5.805699e-04 -1.812224e-06 -6.196337e-05)	(-1.232103e-04 1.812224e-06 6.162638e-05)
2.900000e+02	obstacle	(-1.469553e-03 -9.849728e-06 -8.028273e-04)	(9.505596e-05 9.849747e-06 7.481231e-04)
2.910000e+02	cylinder	(-5.805699e-04 -1.784222e-06 -6.185598e-05)	(-1.233124e-04 1.784222e-06 6.173651e-05)
2.910000e+02	obstacle	(-1.445758e-03 -9.487541e-06 -7.983526e-04)	(1.109122e-04 9.487518e-06 7.517369e-04)
2.920000e+02	cylinder	(-5.805698e-04 -1.780293e-06 -6.173497e-05)	(-1.236442e-04 1.780293e-06 6.185925e-05)
2.920000e+02	obstacle	(-1.412144e-03 -9.140368e-06 -7.888020e-04)	(1.366460e-04 9.140432e-06 7.616685e-04)
2.930000e+02	cylinder	(-5.805699e-04 -1.804116e-06 -6.162391e-05)	(-1.241362e-04 1.804116e-06 6.196826e-05)
2.930000e+02	obstacle	(-1.428252e-03 -9.586444e-06 -7.764431e-04)	(1.505707e-04 9.586538e-06 7.745161e-04)
2.940000e+02	cylinder	(-5.805699e-04 -1.822782e-06 -6.154995e-05)	(-1.240425e-04 1.822782e-06 6.203830e-05)
2.940000e+02	obstacle	(-1.459509e-03 -9.921558e-06 -7.647114e-04)	(1.437119e-04 9.921656e-06 7.874291e-04)
2.950000e+02	cylinder	(-5.805700e-04 -1.832289e-06 -6.153116e-05)	(-1.235671e-04 1.832289e-06 6.205372e-05)
2.950000e+02	obstacle	(-1.477406e-03 -1.007010e-05 -7.547897e-04)	(1.177999e-04 1.007017e-05 7.976556e-04)
2.960000e+02	cylinder	(-5.805700e-04 -1.824953e-06 -6.157317e-05)	(-1.232649e-04 1.824953e-06 6.201369e-05)
2.960000e+02	obstacle	(-1.478492e-03 -1.000524e-05 -7.489784e-04)	(1.027050e-04 1.000528e-05 8.028978e-04)
2.970000e+02	cylinder	(-5.805699e-04 -1.802255e-06 -6.166318e-05)	(-1.232121e-04 1.802255e-06 6.192631e-05)
2.970000e+02	obstacle	(-1.462953e-03 -9.741444e-06 -7.485569e-04)	(9.701560e-05 9.741432e-06 8.020955e-04)
2.980000e+02	cylinder	(-5.805699e-04 -1.772060e-06 -6.178168e-05)	(-1.234055e-04 1.772060e-06 6.181086e-05)
2.980000e+02	obstacle	(-1.434750e-03 -9.333880e-06 -7.547814e-04)	(1.213372e-04 9.333834e-06 7.955976e-04)
2.990000e+02	cylinder	(-5.805698e-04 -1.788726e-06 -6.190286e-05)	(-1.238094e-04 1.788726e-06 6.169014e-05)
2.990000e+02	obstacle	(-1.405537e-03 -9.312263e-06 -7.661902e-04)	(1.442115e-04 9.312344e-06 7.844986e-04)
3.000000e+02	cylinder	(-5.805699e-04 -1.811511e-06 -6.200002e-05)	(-1.243350e-04 1.811511e-06 6.158998e-05)
3.000000e+02	obstacle	(-1.441176e-03 -9.728617e-06 -7.794179e-04)	(1.507648e-04 9.728716e-06 7.720906e-04)
3.010000e+02	cylinder	(-5.805700e-04 -1.828008e-06 -6.205088e-05)	(-1.238377e-04 1.828008e-06 6.153503e-05)
3.010000e+02	obstacle	(-1.468151e-03 -1.000032e-05 -7.917005e-04)	(1.358166e-04 1.000041e-05 7.607317e-04)
3.020000e+02	cylinder	(-5.805700e-04 -1.831168e-06 -6.204503e-05)	(-1.234160e-04 1.831168e-06 6.153959e-05)
3.020000e+02	obstacle	(-1.479940e-03 -1.007012e-05 -8.003140e-04)	(1.100156e-04 1.007018e-05 7.521134e-04)
3.030000e+02	cylinder	(-5.805700e-04 -1.817374e-06 -6.198521e-05)	(-1.232031e-04 1.817374e-06 6.160193e-05)
3.030000e+02	obstacle	(-1.474526e-03 -9.925979e-06 -8.032840e-04)	(9.784120e-05 9.925994e-06 7.481643e-04)
3.040000e+02	cylinder	(-5.805699e-04 -1.790938e-06 -6.188425e-05)	(-1.232457e-04 1.790938e-06 6.170567e-05)
3.040000e+02	obstacle	(-1.453637e-03 -9.597998e-06 -8.002277e-04)	(1.046923e-04 9.597970e-06 7.499629e-04)
3.050000e+02	cylinder	(-5.805698e-04 -1.773262e-06 -6.176375e-05)	(-1.235265e-04 1.773262e-06 6.182846e-05)
3.050000e+02	obstacle	(-1.421696e-03 -9.156095e-06 -7.917513e-04)	(1.313384e-04 9.156040e-06 7.588269e-04)
3.060000e+02	cylinder	(-5.805699e-04 -1.797887e-06 -6.164709e-05)	(-1.239901e-04 1.797887e-06 6.194408e-05)
3.060000e+02	obstacle	(-1.420060e-03 -9.490161e-06 -7.794926e-04)	(1.493274e-04 9.490250e-06 7.712894e-04)
3.070000e+02	cylinder	(-5.805699e-04 -1.819321e-06 -6.156147e-05)	(-1.241590e-04 1.819321e-06 6.202608e-05)
3.070000e+02	obstacle	(-1.453608e-03 -9.862903e-06 -7.675700e-04)	(1.477993e-04 9.863003e-06 7.845208e-04)
3.080000e+02	cylinder	(-5.805700e-04 -1.830698e-06 -6.152780e-05)	(-1.236561e-04 1.830698e-06 6.205586e-05)
3.080000e+02	obstacle	(-1.475404e-03 -1.006352e-05 -7.569506e-04)	(1.257034e-04 1.006360e-05 7.957109e-04)
3.090000e+02	cylinder	(-5.805700e-04 -1.828025e-06 -6.155562e-05)	(-1.233013e-04 1.828025e-06 6.202891e-05)
3.090000e+02	obstacle	(-1.480733e-03 -1.005112e-05 -7.498993e-04)	(1.058837e-04 1.005117e-05 8.023804e-04)
3.100000e+02	cylinder	(-5.805699e-04 -1.808270e-06 -6.163587e-05)	(-1.231860e-04 1.808270e-06 6.195119e-05)
3.100000e+02	obstacle	(-1.468933e-03 -9.831324e-06 -7.480403e-04)	(9.549025e-05 9.831323e-06 8.030707e-04)
3.110000e+02	cylinder	(-5.805699e-04 -1.778841e-06 -6.175028e-05)	(-1.233205e-04 1.778841e-06 6.183990e-05)
3.110000e+02	obstacle	(-1.443327e-03 -9.450053e-06 -7.525560e-04)	(1.149192e-04 9.450014e-06 7.978587e-04)
3.120000e+02	cylinder	(-5.805698e-04 -1.782290e-06 -6.187377e-05)	(-1.236806e-04 1.782290e-06 6.171797e-05)
3.120000e+02	obstacle	(-1.408548e-03 -9.202637e-06 -7.630998e-04)	(1.400133e-04 9.202710e-06 7.876750e-04)
3.130000e+02	cylinder	(-5.805699e-04 -1.806938e-06 -6.197990e-05)	(-1.241877e-04 1.806938e-06 6.160956e-05)
3.130000e+02	obstacle	(-1.433356e-03 -9.642584e-06 -7.762129e-04)	(1.516079e-04 9.642680e-06 7.750913e-04)
3.140000e+02	cylinder	(-5.805700e-04 -1.824370e-06 -6.204393e-05)	(-1.239489e-04 1.824370e-06 6.154144e-05)
3.140000e+02	obstacle	(-1.463453e-03 -9.959151e-06 -7.890383e-04)	(1.415762e-04 9.959247e-06 7.633691e-04)
3.150000e+02	cylinder	(-5.805700e-04 -1.831837e-06 -6.205201e-05)	(-1.234898e-04 1.831837e-06 6.153077e-05)
3.150000e+02	obstacle	(-1.479399e-03 -1.008160e-05 -7.988456e-04)	(1.137424e-04 1.008167e-05 7.538273e-04)
3.160000e+02	cylinder	(-5.805700e-04 -1.822434e-06 -6.200458e-05)	(-1.232180e-04 1.822434e-06 6.158039e-05)
3.160000e+02	obstacle	(-1.478185e-03 -9.987688e-06 -8.033116e-04)	(1.013723e-04 9.987715e-06 7.485807e-04)
3.170000e+02	cylinder	(-5.805699e-04 -1.797378e-06 -6.191153e-05)	(-1.231988e-04 1.797378e-06 6.167622e-05)
3.170000e+02	obstacle	(-1.460555e-03 -9.698799e-06 -8.016911e-04)	(9.934348e-05 9.698781e-06 7.489281e-04)
3.180000e+02	cylinder	(-5.805698e-04 -1.767485e-06 -6.179304e-05)	(-1.234248e-04 1.767485e-06 6.179737e-05)
3.180000e+02	obstacle	(-1.430749e-03 -9.274652e-06 -7.944163e-04)	(1.253527e-04 9.274603e-06 7.562103e-04)
3.190000e+02	cylinder	(-5.805699e-04 -1.791270e-06 -6.167277e-05)	(-1.238530e-04 1.791270e-06 6.191780e-05)
3.190000e+02	obstacle	(-1.411406e-03 -9.386048e-06 -7.828042e-04)	(1.468648e-04 9.386131e-06 7.680920e-04)
3.200000e+02	cylinder	(-5.805699e-04 -1.814034e-06 -6.157686e-05)	(-1.242805e-04 1.814034e-06 6.201047e-05)
3.200000e+02	obstacle	(-1.446702e-03 -9.791398e-06 -7.704935e-04)	(1.506938e-04 9.791497e-06 7.814405e-04)
3.210000e+02	cylinder	(-5.805700e-04 -1.828628e-06 -6.152899e-05)	(-1.237561e-04 1.828628e-06 6.205428e-05)
3.210000e+02	obstacle	(-1.472096e-03 -1.003995e-05 -7.592890e-04)	(1.327477e-04 1.004004e-05 7.934183e-04)
3.220000e+02	cylinder	(-5.805700e-04 -1.830384e-06 -6.154197e-05)	(-1.233554e-04 1.830384e-06 6.204083e-05)
3.220000e+02	obstacle	(-1.481664e-03 -1.008077e-05 -7.511583e-04)	(1.088399e-04 1.008083e-05 8.014237e-04)
3.230000e+02	cylinder	(-5.805700e-04 -1.814690e-06 -6.161115e-05)	(-1.231769e-04 1.814690e-06 6.197410e-05)
3.230000e+02	obstacle	(-1.473943e-03 -9.909082e-06 -7.479080e-04)	(9.578261e-05 9.909106e-06 8.036066e-04)
3.240000e+02	cylinder	(-5.805699e-04 -1.785860e-06 -6.171967e-05)	(-1.232533e-04 1.785860e-06 6.186863e-05)
3.240000e+02	obstacle	(-1.451128e-03 -9.558657e-06 -7.506485e-04)	(1.085043e-04 9.558638e-06 7.997668e-04)
3.250000e+02	cylinder	(-5.805698e-04 -1.776633e-06 -6.184388e-05)	(-1.235639e-04 1.776633e-06 6.174679e-05)
3.250000e+02	obstacle	(-1.417910e-03 -9.103453e-06 -7.601744e-04)	(1.349375e-04 9.103404e-06 7.906307e-04)
3.260000e+02	cylinder	(-5.805699e-04 -1.800264e-06 -6.195706e-05)	(-1.240464e-04 1.800264e-06 6.163214e-05)
3.260000e+02	obstacle	(-1.425009e-03 -9.547833e-06 -7.729736e-04)	(1.511019e-04 9.547924e-06 7.780439e-04)
3.270000e+02	cylinder	(-5.805699e-04 -1.821590e-06 -6.203334e-05)	(-1.240665e-04 1.821590e-06 6.155198e-05)
3.270000e+02	obstacle	(-1.457669e-03 -9.904522e-06 -7.861562e-04)	(1.464352e-04 9.904617e-06 7.661298e-04)
3.280000e+02	cylinder	(-5.805700e-04 -1.831986e-06 -6.205554e-05)	(-1.235771e-04 1.831986e-06 6.152614e-05)
3.280000e+02	obstacle	(-1.477523e-03 -1.007828e-05 -7.969684e-04)	(1.217175e-04 1.007836e-05 7.558098e-04)
3.290000e+02	cylinder	(-5.805700e-04 -1.826252e-06 -6.202105e-05)	(-1.232502e-04 1.826252e-06 6.156226e-05)
3.290000e+02	obstacle	(-1.480545e-03 -1.003596e-05 -8.028989e-04)	(1.043835e-04 1.003601e-05 7.493478e-04)
3.300000e+02	cylinder	(-5.805699e-04 -1.804398e-06 -6.193724e-05)	(-1.231701e-04 1.804398e-06 6.164874e-05)
3.300000e+02	obstacle	(-1.466463e-03 -9.788865e-06 -8.027668e-04)	(9.628813e-05 9.788872e-06 7.482684e-04)
3.310000e+02	cylinder	(-5.805699e-04 -1.774078e-06 -6.182239e-05)	(-1.233388e-04 1.774078e-06 6.176653e-05)
3.310000e+02	obstacle	(-1.439204e-03 -9.388500e-06 -7.967505e-04)	(1.189982e-04 9.388468e-06 7.538741e-04)
3.320000e+02	cylinder	(-5.805698e-04 -1.786393e-06 -6.170010e-05)	(-1.237258e-04 1.786393e-06 6.188994e-05)
3.320000e+02	obstacle	(-1.403518e-03 -9.277569e-06 -7.859579e-04)	(1.432129e-04 9.277636e-06 7.650021e-04)
3.330000e+02	cylinder	(-5.805699e-04 -1.808848e-06 -6.159541e-05)	(-1.242464e-04 1.808848e-06 6.199193e-05)
3.330000e+02	obstacle	(-1.439032e-03 -9.710651e-06 -7.734189e-04)	(1.521966e-04 9.710739e-06 7.782777e-04)
3.340000e+02	cylinder	(-5.805700e-04 -1.826225e-06 -6.153423e-05)	(-1.238669e-04 1.826225e-06 6.204908e-05)
3.340000e+02	obstacle	(-1.467638e-03 -1.000484e-05 -7.617953e-04)	(1.392212e-04 1.000493e-05 7.908713e-04)
3.350000e+02	cylinder	(-5.805700e-04 -1.831769e-06 -6.153209e-05)	(-1.234273e-04 1.831769e-06 6.204942e-05)
3.350000e+02	obstacle	(-1.481373e-03 -1.009777e-05 -7.526842e-04)	(1.113288e-04 1.009784e-05 8.000911e-04)
3.360000e+02	cylinder	(-5.805700e-04 -1.820198e-06 -6.158918e-05)	(-1.231879e-04 1.820198e-06 6.199452e-05)
3.360000e+02	obstacle	(-1.477766e-03 -9.973200e-06 -7.481495e-04)	(9.966413e-05 9.973234e-06 8.037575e-04)
3.370000e+02	cylinder	(-5.805699e-04 -1.793204e-06 -6.169048e-05)	(-1.232041e-04 1.793204e-06 6.189619e-05)
3.370000e+02	obstacle	(-1.458059e-03 -9.659006e-06 -7.493085e-04)	(1.024814e-04 9.658997e-06 8.013026e-04)
3.380000e+02	cylinder	(-5.805698e-04 -1.770489e-06 -6.181370e-05)	(-1.234627e-04 1.770489e-06 6.177589e-05)
3.380000e+02	obstacle	(-1.426804e-03 -9.219323e-06 -7.574771e-04)	(1.292630e-04 9.219281e-06 7.933314e-04)
3.390000e+02	cylinder	(-5.805699e-04 -1.796054e-06 -6.193242e-05)	(-1.239136e-04 1.796054e-06 6.165675e-05)
3.390000e+02	obstacle	(-1.416511e-03 -9.446869e-06 -7.697851e-04)	(1.492070e-04 9.446944e-06 7.812476e-04)
3.400000e+02	cylinder	(-5.805699e-04 -1.817104e-06 -6.201983e-05)	(-1.241919e-04 1.817104e-06 6.156579e-05)
3.400000e+02	obstacle	(-1.451113e-03 -9.838296e-06 -7.831738e-04)	(1.499486e-04 9.838386e-06 7.689455e-04)
3.410000e+02	cylinder	(-5.805700e-04 -1.830605e-06 -6.205599e-05)	(-1.236775e-04 1.830605e-06 6.152576e-05)
3.410000e+02	obstacle	(-1.474660e-03 -1.006081e-05 -7.948440e-04)	(1.292157e-04 1.006090e-05 7.579874e-04)
3.420000e+02	cylinder	(-5.805700e-04 -1.829454e-06 -6.203467e-05)	(-1.233026e-04 1.829454e-06 6.154738e-05)
3.420000e+02	obstacle	(-1.481858e-03 -1.007126e-05 -8.021371e-04)	(1.075073e-04 1.007132e-05 7.504058e-04)
3.430000e+02	cylinder	(-5.805699e-04 -1.810582e-06 -6.196113e-05)	(-1.231607e-04 1.810582e-06 6.162348e-05)
3.430000e+02	obstacle	(-1.471748e-03 -9.869825e-06 -8.034769e-04)	(9.569408e-05 9.869843e-06 7.479236e-04)
3.440000e+02	cylinder	(-5.805699e-04 -1.782132e-06 -6.185130e-05)	(-1.232719e-04 1.782132e-06 6.173637e-05)
3.440000e+02	obstacle	(-1.447123e-03 -9.497602e-06 -7.987699e-04)	(1.125260e-04 9.497579e-06 7.518111e-04)
3.450000e+02	cylinder	(-5.805698e-04 -1.780074e-06 -6.172859e-05)	(-1.236128e-04 1.780074e-06 6.186110e-05)
3.450000e+02	obstacle	(-1.412742e-03 -9.166554e-06 -7.889569e-04)	(1.385857e-04 9.166613e-06 7.620073e-04)
3.460000e+02	cylinder	(-5.805699e-04 -1.805066e-06 -6.161656e-05)	(-1.241132e-04 1.805066e-06 6.197112e-05)
3.460000e+02	obstacle	(-1.430893e-03 -9.619332e-06 -7.763404e-04)	(1.522235e-04 9.619415e-06 7.750789e-04)
3.470000e+02	cylinder	(-5.805700e-04 -1.823410e-06 -6.154283e-05)	(-1.239905e-04 1.823410e-06 6.204090e-05)
3.470000e+02	obstacle	(-1.462386e-03 -9.956241e-06 -7.644436e-04)	(1.444660e-04 9.956331e-06 7.881464e-04)
3.480000e+02	cylinder	(-5.805700e-04 -1.832356e-06 -6.152567e-05)	(-1.235170e-04 1.832356e-06 6.205493e-05)
3.480000e+02	obstacle	(-1.480125e-03 -1.010027e-05 -7.544720e-04)	(1.174880e-04 1.010035e-05 7.984337e-04)
3.490000e+02	cylinder	(-5.805700e-04 -1.824877e-06 -6.156994e-05)	(-1.232213e-04 1.824877e-06 6.201264e-05)
3.490000e+02	obstacle	(-1.480705e-03 -1.002701e-05 -7.487086e-04)	(1.028879e-04 1.002705e-05 8.035676e-04)
