# Wall shear stress
# Time        	patch         	min           	max           
0.000000e+00	cylinder	(0.000000e+00 0.000000e+00 -9.960589e-06)	(0.000000e+00 0.000000e+00 9.960589e-06)
0.000000e+00	obstacle	(0.000000e+00 0.000000e+00 0.000000e+00)	(0.000000e+00 0.000000e+00 0.000000e+00)
1.000000e+00	cylinder	(-2.592018e-05 -1.560060e-07 -4.658081e-06)	(-1.246709e-05 1.560060e-07 4.657745e-06)
1.000000e+00	obstacle	(-4.484893e-05 -1.290788e-07 -1.567658e-05)	(-6.548495e-06 1.290788e-07 1.567722e-05)
2.000000e+00	cylinder	(-2.047553e-05 -1.130767e-07 -2.658962e-06)	(-1.216855e-05 1.130767e-07 2.658146e-06)
2.000000e+00	obstacle	(-3.760550e-05 -1.098330e-07 -1.440515e-05)	(-4.957611e-06 1.098330e-07 1.440665e-05)
3.000000e+00	cylinder	(-1.698096e-05 -9.208678e-08 -2.393805e-06)	(-1.154804e-05 9.208678e-08 2.393843e-06)
3.000000e+00	obstacle	(-3.249986e-05 -9.660967e-08 -1.328450e-05)	(-3.871024e-06 9.660967e-08 1.328637e-05)
4.000000e+00	cylinder	(-1.482525e-05 -7.908907e-08 -2.857314e-06)	(-1.097291e-05 7.908907e-08 2.857335e-06)
4.000000e+00	obstacle	(-2.879004e-05 -8.651007e-08 -1.231862e-05)	(-3.115406e-06 8.651007e-08 1.231936e-05)
5.000000e+00	cylinder	(-1.501430e-05 -7.011611e-08 -3.083309e-06)	(-1.044622e-05 7.011611e-08 3.083323e-06)
5.000000e+00	obstacle	(-2.602911e-05 -7.855668e-08 -1.151033e-05)	(-2.579247e-06 7.855668e-08 1.151110e-05)
6.000000e+00	cylinder	(-1.514065e-05 -6.884382e-08 -3.171866e-06)	(-9.967807e-06 6.884382e-08 3.171894e-06)
6.000000e+00	obstacle	(-2.391235e-05 -7.217254e-08 -1.082714e-05)	(-2.188627e-06 7.217254e-08 1.082801e-05)
7.000000e+00	cylinder	(-1.523370e-05 -6.719065e-08 -3.181843e-06)	(-9.372040e-06 6.719065e-08 3.181882e-06)
7.000000e+00	obstacle	(-2.224603e-05 -6.696853e-08 -1.025107e-05)	(-1.896079e-06 6.696853e-08 1.025191e-05)
8.000000e+00	cylinder	(-1.530481e-05 -6.521554e-08 -3.150917e-06)	(-8.835081e-06 6.521554e-08 3.150961e-06)
8.000000e+00	obstacle	(-2.091546e-05 -6.266521e-08 -9.772446e-06)	(-1.671540e-06 6.266521e-08 9.772076e-06)
9.000000e+00	cylinder	(-1.536089e-05 -6.314204e-08 -3.099779e-06)	(-8.384059e-06 6.314204e-08 3.099828e-06)
9.000000e+00	obstacle	(-1.982179e-05 -5.909621e-08 -9.368484e-06)	(-1.495012e-06 5.909621e-08 9.368131e-06)
1.000000e+01	cylinder	(-1.540606e-05 -6.106600e-08 -3.038652e-06)	(-7.997671e-06 6.106600e-08 3.038704e-06)
1.000000e+01	obstacle	(-1.890687e-05 -5.606801e-08 -9.023716e-06)	(-1.353087e-06 5.606801e-08 9.023384e-06)
1.100000e+01	cylinder	(-1.544295e-05 -5.904375e-08 -2.972967e-06)	(-7.661476e-06 5.904375e-08 2.973021e-06)
1.100000e+01	obstacle	(-1.813580e-05 -5.347880e-08 -8.727711e-06)	(-1.236616e-06 5.347880e-08 8.727398e-06)
1.200000e+01	cylinder	(-1.547338e-05 -5.708453e-08 -2.904040e-06)	(-7.366002e-06 5.708453e-08 2.904095e-06)
1.200000e+01	obstacle	(-1.747317e-05 -5.124046e-08 -8.472190e-06)	(-1.139241e-06 5.124046e-08 8.471889e-06)
1.300000e+01	cylinder	(-1.549846e-05 -5.520864e-08 -2.908307e-06)	(-7.103452e-06 5.520864e-08 2.908306e-06)
1.300000e+01	obstacle	(-1.689556e-05 -4.927257e-08 -8.251576e-06)	(-1.056454e-06 4.927257e-08 8.250143e-06)
1.400000e+01	cylinder	(-1.551941e-05 -5.343102e-08 -2.971385e-06)	(-6.867865e-06 5.343102e-08 2.971384e-06)
1.400000e+01	obstacle	(-1.638687e-05 -4.754418e-08 -8.060059e-06)	(-9.850128e-07 4.754418e-08 8.058651e-06)
1.500000e+01	cylinder	(-1.553708e-05 -5.176640e-08 -3.024960e-06)	(-6.644560e-06 5.176640e-08 3.024960e-06)
1.500000e+01	obstacle	(-1.593783e-05 -4.600505e-08 -7.890804e-06)	(-9.225428e-07 4.600505e-08 7.889421e-06)
1.600000e+01	cylinder	(-1.555192e-05 -5.021017e-08 -3.090048e-06)	(-6.420762e-06 5.021017e-08 3.090047e-06)
1.600000e+01	obstacle	(-1.553798e-05 -4.462482e-08 -7.740280e-06)	(-8.672824e-07 4.462482e-08 7.738921e-06)
1.700000e+01	cylinder	(-1.556438e-05 -4.875212e-08 -3.148835e-06)	(-6.219134e-06 4.875212e-08 3.148834e-06)
1.700000e+01	obstacle	(-1.517732e-05 -4.339060e-08 -7.605629e-06)	(-8.179050e-07 4.339060e-08 7.604293e-06)
1.800000e+01	cylinder	(-1.557488e-05 -4.738607e-08 -3.200209e-06)	(-6.036239e-06 4.738607e-08 3.200208e-06)
1.800000e+01	obstacle	(-1.484996e-05 -4.226997e-08 -7.484527e-06)	(-7.733912e-07 4.226997e-08 7.483214e-06)
1.900000e+01	cylinder	(-1.558375e-05 -4.610475e-08 -3.245126e-06)	(-5.869352e-06 4.610475e-08 3.245126e-06)
1.900000e+01	obstacle	(-1.455112e-05 -4.125095e-08 -7.375059e-06)	(-7.329493e-07 4.125095e-08 7.373767e-06)
2.000000e+01	cylinder	(-1.559125e-05 -4.490147e-08 -3.284425e-06)	(-5.716313e-06 4.490147e-08 3.284425e-06)
2.000000e+01	obstacle	(-1.427703e-05 -4.032289e-08 -7.275644e-06)	(-6.959632e-07 4.032289e-08 7.274372e-06)
2.100000e+01	cylinder	(-1.559760e-05 -4.377041e-08 -3.318832e-06)	(-5.575355e-06 4.377041e-08 3.318832e-06)
2.100000e+01	obstacle	(-1.402800e-05 -3.946939e-08 -7.184964e-06)	(-6.619393e-07 3.946939e-08 7.183712e-06)
2.200000e+01	cylinder	(-1.560299e-05 -4.292062e-08 -3.348980e-06)	(-5.444945e-06 4.292062e-08 3.348979e-06)
2.200000e+01	obstacle	(-1.379809e-05 -3.868224e-08 -7.101927e-06)	(-6.304699e-07 3.868224e-08 7.100693e-06)
2.300000e+01	cylinder	(-1.560757e-05 -4.362405e-08 -3.375416e-06)	(-5.323865e-06 4.362405e-08 3.375416e-06)
2.300000e+01	obstacle	(-1.358470e-05 -3.795377e-08 -7.025610e-06)	(-6.012290e-07 3.795377e-08 7.024393e-06)
2.400000e+01	cylinder	(-1.561146e-05 -4.426108e-08 -3.398619e-06)	(-5.211085e-06 4.426108e-08 3.398618e-06)
2.400000e+01	obstacle	(-1.338601e-05 -3.727815e-08 -6.955228e-06)	(-5.739452e-07 3.727815e-08 6.954029e-06)
2.500000e+01	cylinder	(-1.561477e-05 -4.484006e-08 -3.419000e-06)	(-5.105694e-06 4.484006e-08 3.419000e-06)
2.500000e+01	obstacle	(-1.320046e-05 -3.665102e-08 -6.890116e-06)	(-5.484084e-07 3.665102e-08 6.888932e-06)
2.600000e+01	cylinder	(-1.561759e-05 -4.536789e-08 -3.436919e-06)	(-5.006942e-06 4.536789e-08 3.436919e-06)
2.600000e+01	obstacle	(-1.302671e-05 -3.606592e-08 -6.829702e-06)	(-5.244229e-07 3.606592e-08 6.828534e-06)
2.700000e+01	cylinder	(-1.561999e-05 -4.585062e-08 -3.452688e-06)	(-4.914175e-06 4.585062e-08 3.452688e-06)
2.700000e+01	obstacle	(-1.286358e-05 -3.551870e-08 -6.773494e-06)	(-5.018280e-07 3.551870e-08 6.772340e-06)
2.800000e+01	cylinder	(-1.562202e-05 -4.629346e-08 -3.466577e-06)	(-4.826829e-06 4.629346e-08 3.466577e-06)
2.800000e+01	obstacle	(-1.271115e-05 -3.500562e-08 -6.721068e-06)	(-4.804911e-07 3.500562e-08 6.719927e-06)
2.900000e+01	cylinder	(-1.562375e-05 -4.670084e-08 -3.478818e-06)	(-4.744417e-06 4.670084e-08 3.478818e-06)
2.900000e+01	obstacle	(-1.256910e-05 -3.452372e-08 -6.672055e-06)	(-4.602991e-07 3.452372e-08 6.670928e-06)
3.000000e+01	cylinder	(-1.562522e-05 -4.707663e-08 -3.489615e-06)	(-4.666480e-06 4.707663e-08 3.489615e-06)
3.000000e+01	obstacle	(-1.243490e-05 -3.407035e-08 -6.626133e-06)	(-4.411440e-07 3.407035e-08 6.625018e-06)
3.100000e+01	cylinder	(-1.562647e-05 -4.742431e-08 -3.499146e-06)	(-4.592620e-06 4.742431e-08 3.499146e-06)
3.100000e+01	obstacle	(-1.230791e-05 -3.364302e-08 -6.583020e-06)	(-4.229433e-07 3.364302e-08 6.581916e-06)
3.200000e+01	cylinder	(-1.562752e-05 -4.774683e-08 -3.507568e-06)	(-4.522516e-06 4.774683e-08 3.507568e-06)
3.200000e+01	obstacle	(-1.218753e-05 -3.323952e-08 -6.542465e-06)	(-4.056158e-07 3.323952e-08 6.541373e-06)
3.300000e+01	cylinder	(-1.562842e-05 -4.804686e-08 -3.515016e-06)	(-4.455873e-06 4.804686e-08 3.515016e-06)
3.300000e+01	obstacle	(-1.207325e-05 -3.285779e-08 -6.504265e-06)	(-3.890945e-07 3.285779e-08 6.503166e-06)
3.400000e+01	cylinder	(-1.562917e-05 -4.832664e-08 -3.521607e-06)	(-4.392440e-06 4.832664e-08 3.521607e-06)
3.400000e+01	obstacle	(-1.196458e-05 -3.249633e-08 -6.468714e-06)	(-3.733200e-07 3.249633e-08 6.467103e-06)
3.500000e+01	cylinder	(-1.562980e-05 -4.858818e-08 -3.527446e-06)	(-4.331474e-06 4.858818e-08 3.527446e-06)
3.500000e+01	obstacle	(-1.186110e-05 -3.215340e-08 -6.435107e-06)	(-3.582398e-07 3.215340e-08 6.433072e-06)
3.600000e+01	cylinder	(-1.563033e-05 -4.883323e-08 -3.532620e-06)	(-4.272696e-06 4.883323e-08 3.532620e-06)
3.600000e+01	obstacle	(-1.176245e-05 -3.182767e-08 -6.403293e-06)	(-3.438022e-07 3.182767e-08 6.401272e-06)
3.700000e+01	cylinder	(-1.563077e-05 -4.906340e-08 -3.537210e-06)	(-4.216449e-06 4.906340e-08 3.537210e-06)
3.700000e+01	obstacle	(-1.166827e-05 -3.151786e-08 -6.373133e-06)	(-3.299667e-07 3.151786e-08 6.371126e-06)
3.800000e+01	cylinder	(-1.563114e-05 -4.928010e-08 -3.541284e-06)	(-4.162565e-06 4.928010e-08 3.541284e-06)
3.800000e+01	obstacle	(-1.157869e-05 -3.122273e-08 -6.344505e-06)	(-3.166943e-07 3.122273e-08 6.342511e-06)
3.900000e+01	cylinder	(-1.563145e-05 -4.948445e-08 -3.544902e-06)	(-4.110890e-06 4.948445e-08 3.544902e-06)
3.900000e+01	obstacle	(-1.149441e-05 -3.094141e-08 -6.317298e-06)	(-3.039552e-07 3.094141e-08 6.315315e-06)
4.000000e+01	cylinder	(-1.563169e-05 -4.967763e-08 -3.548115e-06)	(-4.061279e-06 4.967763e-08 3.548115e-06)
4.000000e+01	obstacle	(-1.141372e-05 -3.067273e-08 -6.291412e-06)	(-2.917146e-07 3.067273e-08 6.289442e-06)
4.100000e+01	cylinder	(-1.563190e-05 -4.986059e-08 -3.550969e-06)	(-4.013595e-06 4.986059e-08 3.550969e-06)
4.100000e+01	obstacle	(-1.133638e-05 -3.041607e-08 -6.266759e-06)	(-2.799353e-07 3.041607e-08 6.264800e-06)
4.200000e+01	cylinder	(-1.563206e-05 -5.003411e-08 -3.553505e-06)	(-3.967731e-06 5.003411e-08 3.553505e-06)
4.200000e+01	obstacle	(-1.126217e-05 -3.017055e-08 -6.243255e-06)	(-2.685946e-07 3.017055e-08 6.241308e-06)
4.300000e+01	cylinder	(-1.563218e-05 -5.019905e-08 -3.555760e-06)	(-3.923573e-06 5.019905e-08 3.555760e-06)
4.300000e+01	obstacle	(-1.119091e-05 -2.993538e-08 -6.220824e-06)	(-2.576663e-07 2.993538e-08 6.218888e-06)
4.400000e+01	cylinder	(-1.563228e-05 -5.035602e-08 -3.557764e-06)	(-3.881016e-06 5.035602e-08 3.557764e-06)
4.400000e+01	obstacle	(-1.112241e-05 -2.970995e-08 -6.199398e-06)	(-2.471263e-07 2.970995e-08 6.197472e-06)
4.500000e+01	cylinder	(-1.563236e-05 -5.050578e-08 -3.559549e-06)	(-3.839970e-06 5.050578e-08 3.559549e-06)
4.500000e+01	obstacle	(-1.105652e-05 -2.949363e-08 -6.178914e-06)	(-2.369562e-07 2.949363e-08 6.176998e-06)
4.600000e+01	cylinder	(-1.563241e-05 -5.064892e-08 -3.561143e-06)	(-3.800352e-06 5.064892e-08 3.561143e-06)
4.600000e+01	obstacle	(-1.099310e-05 -2.928581e-08 -6.159313e-06)	(-2.271327e-07 2.928581e-08 6.157406e-06)
4.700000e+01	cylinder	(-1.563245e-05 -5.078588e-08 -3.562564e-06)	(-3.762082e-06 5.078588e-08 3.562564e-06)
4.700000e+01	obstacle	(-1.093198e-05 -2.908611e-08 -6.140541e-06)	(-2.176415e-07 2.908611e-08 6.138644e-06)
4.800000e+01	cylinder	(-1.563247e-05 -5.091718e-08 -3.563833e-06)	(-3.725088e-06 5.091718e-08 3.563833e-06)
4.800000e+01	obstacle	(-1.087307e-05 -2.889391e-08 -6.122552e-06)	(-2.084618e-07 2.889391e-08 6.120664e-06)
4.900000e+01	cylinder	(-1.563248e-05 -5.104315e-08 -3.564965e-06)	(-3.689305e-06 5.104315e-08 3.564965e-06)
4.900000e+01	obstacle	(-1.081623e-05 -2.870890e-08 -6.105300e-06)	(-1.995807e-07 2.870890e-08 6.103422e-06)
5.000000e+01	cylinder	(-1.563249e-05 -5.116418e-08 -3.565975e-06)	(-3.654672e-06 5.116418e-08 3.565975e-06)
5.000000e+01	obstacle	(-1.076135e-05 -2.853064e-08 -6.088745e-06)	(-1.909823e-07 2.853064e-08 6.086875e-06)
5.100000e+01	cylinder	(-1.563248e-05 -5.128060e-08 -3.566877e-06)	(-3.621127e-06 5.128060e-08 3.566877e-06)
5.100000e+01	obstacle	(-1.070835e-05 -2.835878e-08 -6.072846e-06)	(-1.826535e-07 2.835878e-08 6.070984e-06)
5.200000e+01	cylinder	(-1.563246e-05 -5.139269e-08 -3.567680e-06)	(-3.588616e-06 5.139269e-08 3.567680e-06)
5.200000e+01	obstacle	(-1.065713e-05 -2.819288e-08 -6.057568e-06)	(-1.745805e-07 2.819288e-08 6.055715e-06)
5.300000e+01	cylinder	(-1.563244e-05 -5.150070e-08 -3.568396e-06)	(-3.557087e-06 5.150070e-08 3.568396e-06)
5.300000e+01	obstacle	(-1.060885e-05 -2.803271e-08 -6.042879e-06)	(-1.667533e-07 2.803271e-08 6.041033e-06)
5.400000e+01	cylinder	(-1.563242e-05 -5.160489e-08 -3.569032e-06)	(-3.526493e-06 5.160489e-08 3.569032e-06)
5.400000e+01	obstacle	(-1.056213e-05 -2.787788e-08 -6.028746e-06)	(-1.591631e-07 2.787788e-08 6.026908e-06)
5.500000e+01	cylinder	(-1.563239e-05 -5.170552e-08 -3.569598e-06)	(-3.496797e-06 5.170552e-08 3.569598e-06)
5.500000e+01	obstacle	(-1.051690e-05 -2.772816e-08 -6.015142e-06)	(-1.517977e-07 2.772816e-08 6.013311e-06)
5.600000e+01	cylinder	(-1.563235e-05 -5.180276e-08 -3.570101e-06)	(-3.467961e-06 5.180276e-08 3.570101e-06)
5.600000e+01	obstacle	(-1.047310e-05 -2.758329e-08 -6.002040e-06)	(-1.446468e-07 2.758329e-08 6.000216e-06)
5.700000e+01	cylinder	(-1.563232e-05 -5.189683e-08 -3.570547e-06)	(-3.439939e-06 5.189683e-08 3.570547e-06)
5.700000e+01	obstacle	(-1.043066e-05 -2.744300e-08 -5.989414e-06)	(-1.377027e-07 2.744300e-08 5.987597e-06)
5.800000e+01	cylinder	(-1.563228e-05 -5.198793e-08 -3.570943e-06)	(-3.412695e-06 5.198793e-08 3.570943e-06)
5.800000e+01	obstacle	(-1.038951e-05 -2.730710e-08 -5.977241e-06)	(-1.309552e-07 2.730710e-08 5.975431e-06)
5.900000e+01	cylinder	(-1.563224e-05 -5.207620e-08 -3.571293e-06)	(-3.386194e-06 5.207620e-08 3.571293e-06)
5.900000e+01	obstacle	(-1.034960e-05 -2.717535e-08 -5.965500e-06)	(-1.243995e-07 2.717535e-08 5.963696e-06)
6.000000e+01	cylinder	(-1.563219e-05 -5.216180e-08 -3.571603e-06)	(-3.360400e-06 5.216180e-08 3.571603e-06)
6.000000e+01	obstacle	(-1.031088e-05 -2.704763e-08 -5.954170e-06)	(-1.180256e-07 2.704763e-08 5.952373e-06)
6.100000e+01	cylinder	(-1.563215e-05 -5.224487e-08 -3.571876e-06)	(-3.335282e-06 5.224487e-08 3.571877e-06)
6.100000e+01	obstacle	(-1.027328e-05 -2.692369e-08 -5.943233e-06)	(-1.118284e-07 2.692369e-08 5.941442e-06)
6.200000e+01	cylinder	(-1.563211e-05 -5.232554e-08 -3.572118e-06)	(-3.310813e-06 5.232554e-08 3.572118e-06)
6.200000e+01	obstacle	(-1.023677e-05 -2.680337e-08 -5.932670e-06)	(-1.058002e-07 2.680337e-08 5.930886e-06)
6.300000e+01	cylinder	(-1.563207e-05 -5.240394e-08 -3.572330e-06)	(-3.286966e-06 5.240394e-08 3.572330e-06)
6.300000e+01	obstacle	(-1.020130e-05 -2.668651e-08 -5.922465e-06)	(-9.993369e-08 2.668651e-08 5.920686e-06)
6.400000e+01	cylinder	(-1.563202e-05 -5.248016e-08 -3.572516e-06)	(-3.263715e-06 5.248016e-08 3.572516e-06)
6.400000e+01	obstacle	(-1.016682e-05 -2.657300e-08 -5.912601e-06)	(-9.422424e-08 2.657300e-08 5.910827e-06)
6.500000e+01	cylinder	(-1.563198e-05 -5.255435e-08 -3.572680e-06)	(-3.241036e-06 5.255435e-08 3.572680e-06)
6.500000e+01	obstacle	(-1.013329e-05 -2.646260e-08 -5.903062e-06)	(-8.866774e-08 2.646260e-08 5.901294e-06)
6.600000e+01	cylinder	(-1.563194e-05 -5.262657e-08 -3.572822e-06)	(-3.218912e-06 5.262657e-08 3.572822e-06)
6.600000e+01	obstacle	(-1.010069e-05 -2.635524e-08 -5.893835e-06)	(-8.325533e-08 2.635524e-08 5.892073e-06)
6.700000e+01	cylinder	(-1.563190e-05 -5.269690e-08 -3.572946e-06)	(-3.197314e-06 5.269690e-08 3.572946e-06)
6.700000e+01	obstacle	(-1.006896e-05 -2.625078e-08 -5.884907e-06)	(-7.798369e-08 2.625078e-08 5.883150e-06)
6.800000e+01	cylinder	(-1.563186e-05 -5.276546e-08 -3.573053e-06)	(-3.176226e-06 5.276546e-08 3.573053e-06)
6.800000e+01	obstacle	(-1.003808e-05 -2.614910e-08 -5.876265e-06)	(-7.284788e-08 2.614910e-08 5.874512e-06)
6.900000e+01	cylinder	(-1.563182e-05 -5.283230e-08 -3.573145e-06)	(-3.155538e-06 5.283230e-08 3.573145e-06)
6.900000e+01	obstacle	(-1.000801e-05 -2.605006e-08 -5.867896e-06)	(-6.784294e-08 2.605006e-08 5.866149e-06)
7.000000e+01	cylinder	(-1.563178e-05 -5.289751e-08 -3.573224e-06)	(-3.134966e-06 5.289751e-08 3.573224e-06)
7.000000e+01	obstacle	(-9.978727e-06 -2.595356e-08 -5.859791e-06)	(-6.296327e-08 2.595356e-08 5.858048e-06)
7.100000e+01	cylinder	(-1.563174e-05 -5.296115e-08 -3.573290e-06)	(-3.114857e-06 5.296115e-08 3.573290e-06)
7.100000e+01	obstacle	(-9.950196e-06 -2.585953e-08 -5.851938e-06)	(-5.820571e-08 2.585953e-08 5.850200e-06)
7.200000e+01	cylinder	(-1.563170e-05 -5.302329e-08 -3.573346e-06)	(-3.095194e-06 5.302329e-08 3.573346e-06)
7.200000e+01	obstacle	(-9.922390e-06 -2.576781e-08 -5.844327e-06)	(-5.356694e-08 2.576781e-08 5.842594e-06)
7.300000e+01	cylinder	(-1.563166e-05 -5.308399e-08 -3.573392e-06)	(-3.075962e-06 5.308399e-08 3.573392e-06)
7.300000e+01	obstacle	(-9.895284e-06 -2.567839e-08 -5.836949e-06)	(-4.904230e-08 2.567839e-08 5.835220e-06)
7.400000e+01	cylinder	(-1.563163e-05 -5.314332e-08 -3.573429e-06)	(-3.057147e-06 5.314332e-08 3.573429e-06)
7.400000e+01	obstacle	(-9.869471e-06 -2.559110e-08 -5.829795e-06)	(-4.462862e-08 2.559110e-08 5.828070e-06)
7.500000e+01	cylinder	(-1.563159e-05 -5.320130e-08 -3.573459e-06)	(-3.038737e-06 5.320130e-08 3.573459e-06)
7.500000e+01	obstacle	(-9.844462e-06 -2.550600e-08 -5.822856e-06)	(-4.032342e-08 2.550600e-08 5.821135e-06)
7.600000e+01	cylinder	(-1.563156e-05 -5.325801e-08 -3.573483e-06)	(-3.020716e-06 5.325801e-08 3.573483e-06)
7.600000e+01	obstacle	(-9.820066e-06 -2.542289e-08 -5.816124e-06)	(-3.612202e-08 2.542289e-08 5.814408e-06)
7.700000e+01	cylinder	(-1.563153e-05 -5.331349e-08 -3.573500e-06)	(-3.003071e-06 5.331349e-08 3.573500e-06)
7.700000e+01	obstacle	(-9.796261e-06 -2.534170e-08 -5.809591e-06)	(-3.202152e-08 2.534170e-08 5.807879e-06)
7.800000e+01	cylinder	(-1.563149e-05 -5.336779e-08 -3.573512e-06)	(-2.985789e-06 5.336779e-08 3.573512e-06)
7.800000e+01	obstacle	(-9.773026e-06 -2.526239e-08 -5.803250e-06)	(-2.801949e-08 2.526239e-08 5.801542e-06)
7.900000e+01	cylinder	(-1.563146e-05 -5.342093e-08 -3.573520e-06)	(-2.968859e-06 5.342093e-08 3.573520e-06)
7.900000e+01	obstacle	(-9.750342e-06 -2.518494e-08 -5.797095e-06)	(-2.411273e-08 2.518494e-08 5.795391e-06)
8.000000e+01	cylinder	(-1.563143e-05 -5.347299e-08 -3.573524e-06)	(-2.952267e-06 5.347299e-08 3.573524e-06)
8.000000e+01	obstacle	(-9.728190e-06 -2.510921e-08 -5.791117e-06)	(-2.029801e-08 2.510921e-08 5.789417e-06)
8.100000e+01	cylinder	(-1.563141e-05 -5.352403e-08 -3.573525e-06)	(-2.936003e-06 5.352403e-08 3.573525e-06)
8.100000e+01	obstacle	(-9.706553e-06 -2.503518e-08 -5.785313e-06)	(-1.657265e-08 2.503518e-08 5.783617e-06)
8.200000e+01	cylinder	(-1.563138e-05 -5.357397e-08 -3.573520e-06)	(-2.920059e-06 5.357397e-08 3.573520e-06)
8.200000e+01	obstacle	(-9.685414e-06 -2.496279e-08 -5.779674e-06)	(-1.293420e-08 2.496279e-08 5.777982e-06)
8.300000e+01	cylinder	(-1.563135e-05 -5.362276e-08 -3.573503e-06)	(-2.904424e-06 5.362276e-08 3.573503e-06)
8.300000e+01	obstacle	(-9.664757e-06 -2.489199e-08 -5.774196e-06)	(-9.380977e-09 2.489199e-08 5.772507e-06)
8.400000e+01	cylinder	(-1.563131e-05 -5.367039e-08 -3.573474e-06)	(-2.889088e-06 5.367039e-08 3.573474e-06)
8.400000e+01	obstacle	(-9.644566e-06 -2.482273e-08 -5.768873e-06)	(-5.909304e-09 2.482273e-08 5.767187e-06)
8.500000e+01	cylinder	(-1.563127e-05 -5.371694e-08 -3.573433e-06)	(-2.874043e-06 5.371694e-08 3.573433e-06)
8.500000e+01	obstacle	(-9.624828e-06 -2.475491e-08 -5.763698e-06)	(-2.517536e-09 2.475491e-08 5.762016e-06)
8.600000e+01	cylinder	(-1.563123e-05 -5.376246e-08 -3.573386e-06)	(-2.859279e-06 5.376246e-08 3.573386e-06)
8.600000e+01	obstacle	(-9.605527e-06 -2.468856e-08 -5.758668e-06)	(7.966306e-10 2.468856e-08 5.756989e-06)
8.700000e+01	cylinder	(-1.563120e-05 -5.380715e-08 -3.573340e-06)	(-2.844789e-06 5.380715e-08 3.573340e-06)
8.700000e+01	obstacle	(-9.586650e-06 -2.462357e-08 -5.753777e-06)	(4.035495e-09 2.462357e-08 5.752101e-06)
8.800000e+01	cylinder	(-1.563117e-05 -5.385113e-08 -3.573290e-06)	(-2.830563e-06 5.385113e-08 3.573290e-06)
8.800000e+01	obstacle	(-9.568185e-06 -2.455991e-08 -5.749021e-06)	(7.200734e-09 2.455991e-08 5.747348e-06)
8.900000e+01	cylinder	(-1.563114e-05 -5.389441e-08 -3.573240e-06)	(-2.816594e-06 5.389441e-08 3.573240e-06)
8.900000e+01	obstacle	(-9.550118e-06 -2.449759e-08 -5.744395e-06)	(1.029401e-08 2.449759e-08 5.742725e-06)
9.000000e+01	cylinder	(-1.563111e-05 -5.393704e-08 -3.573191e-06)	(-2.802874e-06 5.393704e-08 3.573191e-06)
9.000000e+01	obstacle	(-9.532438e-06 -2.443646e-08 -5.739895e-06)	(1.331738e-08 2.443646e-08 5.738228e-06)
9.100000e+01	cylinder	(-1.563109e-05 -5.397899e-08 -3.573143e-06)	(-2.789398e-06 5.397899e-08 3.573143e-06)
9.100000e+01	obstacle	(-9.515134e-06 -2.437658e-08 -5.735517e-06)	(1.627317e-08 2.437658e-08 5.733853e-06)
9.200000e+01	cylinder	(-1.563107e-05 -5.402026e-08 -3.573098e-06)	(-2.776157e-06 5.402026e-08 3.573098e-06)
9.200000e+01	obstacle	(-9.498195e-06 -2.431793e-08 -5.731257e-06)	(1.916284e-08 2.431793e-08 5.729596e-06)
9.300000e+01	cylinder	(-1.563105e-05 -5.406087e-08 -3.573054e-06)	(-2.763145e-06 5.406087e-08 3.573055e-06)
9.300000e+01	obstacle	(-9.481610e-06 -2.426034e-08 -5.727112e-06)	(2.198859e-08 2.426034e-08 5.725454e-06)
9.400000e+01	cylinder	(-1.563104e-05 -5.410072e-08 -3.573013e-06)	(-2.750356e-06 5.410072e-08 3.573013e-06)
9.400000e+01	obstacle	(-9.465369e-06 -2.420392e-08 -5.723078e-06)	(2.475163e-08 2.420392e-08 5.721422e-06)
9.500000e+01	cylinder	(-1.563102e-05 -5.414002e-08 -3.572974e-06)	(-2.737784e-06 5.414002e-08 3.572974e-06)
9.500000e+01	obstacle	(-9.449463e-06 -2.414856e-08 -5.719151e-06)	(2.745360e-08 2.414856e-08 5.717498e-06)
9.600000e+01	cylinder	(-1.563101e-05 -5.417872e-08 -3.572936e-06)	(-2.725423e-06 5.417872e-08 3.572936e-06)
9.600000e+01	obstacle	(-9.433881e-06 -2.409427e-08 -5.715329e-06)	(3.009630e-08 2.409427e-08 5.713678e-06)
9.700000e+01	cylinder	(-1.563099e-05 -5.421836e-08 -3.572900e-06)	(-2.713266e-06 5.421836e-08 3.572900e-06)
9.700000e+01	obstacle	(-9.418616e-06 -2.403904e-08 -5.711608e-06)	(3.268102e-08 2.403904e-08 5.709959e-06)
9.800000e+01	cylinder	(-1.563098e-05 -5.425411e-08 -3.572865e-06)	(-2.701310e-06 5.425411e-08 3.572865e-06)
9.800000e+01	obstacle	(-9.403657e-06 -2.398871e-08 -5.707985e-06)	(3.520891e-08 2.398871e-08 5.706339e-06)
9.900000e+01	cylinder	(-1.563096e-05 -5.429090e-08 -3.572831e-06)	(-2.689549e-06 5.429090e-08 3.572831e-06)
9.900000e+01	obstacle	(-9.388997e-06 -2.393737e-08 -5.704458e-06)	(3.768165e-08 2.393737e-08 5.702813e-06)
1.000000e+02	cylinder	(-1.563095e-05 -5.432709e-08 -3.572799e-06)	(-2.677977e-06 5.432709e-08 3.572799e-06)
1.000000e+02	obstacle	(-9.374628e-06 -2.388697e-08 -5.701022e-06)	(4.010050e-08 2.388697e-08 5.699381e-06)
1.010000e+02	cylinder	(-1.563094e-05 -5.436270e-08 -3.572768e-06)	(-2.666591e-06 5.436270e-08 3.572768e-06)
1.010000e+02	obstacle	(-9.360542e-06 -2.383746e-08 -5.697677e-06)	(4.246714e-08 2.383746e-08 5.696038e-06)
1.020000e+02	cylinder	(-1.563093e-05 -5.439776e-08 -3.572738e-06)	(-2.655385e-06 5.439776e-08 3.572738e-06)
1.020000e+02	obstacle	(-9.346732e-06 -2.378887e-08 -5.694419e-06)	(4.478253e-08 2.378887e-08 5.692782e-06)
1.030000e+02	cylinder	(-1.563092e-05 -5.443226e-08 -3.572710e-06)	(-2.644354e-06 5.443226e-08 3.572710e-06)
1.030000e+02	obstacle	(-9.333190e-06 -2.374113e-08 -5.691247e-06)	(4.704770e-08 2.374113e-08 5.689611e-06)
1.040000e+02	cylinder	(-1.563091e-05 -5.446667e-08 -3.572682e-06)	(-2.633495e-06 5.446667e-08 3.572682e-06)
1.040000e+02	obstacle	(-9.319909e-06 -2.369375e-08 -5.688156e-06)	(4.926431e-08 2.369375e-08 5.686523e-06)
1.050000e+02	cylinder	(-1.563090e-05 -5.450015e-08 -3.572656e-06)	(-2.622800e-06 5.450015e-08 3.572656e-06)
1.050000e+02	obstacle	(-9.306882e-06 -2.364753e-08 -5.685146e-06)	(5.143336e-08 2.364753e-08 5.683515e-06)
1.060000e+02	cylinder	(-1.563089e-05 -5.453317e-08 -3.572630e-06)	(-2.612268e-06 5.453317e-08 3.572630e-06)
1.060000e+02	obstacle	(-9.294103e-06 -2.360215e-08 -5.682214e-06)	(5.355622e-08 2.360215e-08 5.680585e-06)
1.070000e+02	cylinder	(-1.563088e-05 -5.456566e-08 -3.572605e-06)	(-2.601894e-06 5.456566e-08 3.572605e-06)
1.070000e+02	obstacle	(-9.281566e-06 -2.355756e-08 -5.679357e-06)	(5.563385e-08 2.355756e-08 5.677730e-06)
1.080000e+02	cylinder	(-1.563087e-05 -5.459764e-08 -3.572582e-06)	(-2.591675e-06 5.459764e-08 3.572582e-06)
1.080000e+02	obstacle	(-9.269265e-06 -2.351377e-08 -5.676575e-06)	(5.766724e-08 2.351377e-08 5.674949e-06)
1.090000e+02	cylinder	(-1.563086e-05 -5.462913e-08 -3.572559e-06)	(-2.580700e-06 5.462913e-08 3.572559e-06)
1.090000e+02	obstacle	(-9.257372e-06 -2.347079e-08 -5.673863e-06)	(5.965738e-08 2.347079e-08 5.672240e-06)
1.100000e+02	cylinder	(-1.563085e-05 -5.466017e-08 -3.572538e-06)	(-2.569823e-06 5.466017e-08 3.572538e-06)
1.100000e+02	obstacle	(-9.245951e-06 -2.342848e-08 -5.671222e-06)	(6.160569e-08 2.342848e-08 5.669601e-06)
1.110000e+02	cylinder	(-1.563084e-05 -5.469078e-08 -3.572517e-06)	(-2.559101e-06 5.469078e-08 3.572517e-06)
1.110000e+02	obstacle	(-9.234742e-06 -2.338693e-08 -5.668649e-06)	(6.351304e-08 2.338693e-08 5.667029e-06)
1.120000e+02	cylinder	(-1.563084e-05 -5.472089e-08 -3.572497e-06)	(-2.548531e-06 5.472089e-08 3.572497e-06)
1.120000e+02	obstacle	(-9.223740e-06 -2.334605e-08 -5.666142e-06)	(6.538046e-08 2.334605e-08 5.664524e-06)
1.130000e+02	cylinder	(-1.563083e-05 -5.475058e-08 -3.572477e-06)	(-2.538109e-06 5.475058e-08 3.572477e-06)
1.130000e+02	obstacle	(-9.212940e-06 -2.330583e-08 -5.663700e-06)	(6.720876e-08 2.330583e-08 5.662083e-06)
1.140000e+02	cylinder	(-1.563082e-05 -5.477985e-08 -3.572459e-06)	(-2.527831e-06 5.477985e-08 3.572459e-06)
1.140000e+02	obstacle	(-9.202338e-06 -2.326628e-08 -5.661320e-06)	(6.899925e-08 2.326628e-08 5.659705e-06)
1.150000e+02	cylinder	(-1.563082e-05 -5.480871e-08 -3.572441e-06)	(-2.517695e-06 5.480871e-08 3.572441e-06)
1.150000e+02	obstacle	(-9.191928e-06 -2.322735e-08 -5.659001e-06)	(7.075246e-08 2.322735e-08 5.657388e-06)
1.160000e+02	cylinder	(-1.563081e-05 -5.483716e-08 -3.572424e-06)	(-2.507697e-06 5.483716e-08 3.572424e-06)
1.160000e+02	obstacle	(-9.181706e-06 -2.318907e-08 -5.656743e-06)	(7.246973e-08 2.318907e-08 5.655131e-06)
1.170000e+02	cylinder	(-1.563080e-05 -5.486522e-08 -3.572407e-06)	(-2.497834e-06 5.486522e-08 3.572407e-06)
1.170000e+02	obstacle	(-9.171668e-06 -2.315137e-08 -5.654542e-06)	(7.415215e-08 2.315137e-08 5.652932e-06)
1.180000e+02	cylinder	(-1.563080e-05 -5.489290e-08 -3.572392e-06)	(-2.488103e-06 5.489290e-08 3.572392e-06)
1.180000e+02	obstacle	(-9.161809e-06 -2.311426e-08 -5.652398e-06)	(7.580101e-08 2.311426e-08 5.650789e-06)
1.190000e+02	cylinder	(-1.563079e-05 -5.492020e-08 -3.572376e-06)	(-2.478502e-06 5.492020e-08 3.572377e-06)
1.190000e+02	obstacle	(-9.152126e-06 -2.307775e-08 -5.650309e-06)	(7.741758e-08 2.307775e-08 5.648702e-06)
1.200000e+02	cylinder	(-1.563078e-05 -5.494716e-08 -3.572362e-06)	(-2.469026e-06 5.494716e-08 3.572362e-06)
1.200000e+02	obstacle	(-9.142615e-06 -2.304179e-08 -5.648274e-06)	(7.900373e-08 2.304179e-08 5.646668e-06)
1.210000e+02	cylinder	(-1.563078e-05 -5.497371e-08 -3.572348e-06)	(-2.459674e-06 5.497371e-08 3.572348e-06)
1.210000e+02	obstacle	(-9.133271e-06 -2.300639e-08 -5.646292e-06)	(8.056197e-08 2.300639e-08 5.644688e-06)
1.220000e+02	cylinder	(-1.563077e-05 -5.499995e-08 -3.572335e-06)	(-2.450443e-06 5.499995e-08 3.572335e-06)
1.220000e+02	obstacle	(-9.124090e-06 -2.297154e-08 -5.644362e-06)	(8.209649e-08 2.297154e-08 5.642759e-06)
1.230000e+02	cylinder	(-1.563077e-05 -5.502580e-08 -3.572322e-06)	(-2.441331e-06 5.502580e-08 3.572322e-06)
1.230000e+02	obstacle	(-9.115070e-06 -2.293722e-08 -5.642481e-06)	(8.361355e-08 2.293722e-08 5.640880e-06)
1.240000e+02	cylinder	(-1.563076e-05 -5.505134e-08 -3.572309e-06)	(-2.432334e-06 5.505134e-08 3.572309e-06)
1.240000e+02	obstacle	(-9.106206e-06 -2.290344e-08 -5.640650e-06)	(8.512164e-08 2.290344e-08 5.639050e-06)
1.250000e+02	cylinder	(-1.563076e-05 -5.507655e-08 -3.572298e-06)	(-2.423450e-06 5.507655e-08 3.572298e-06)
1.250000e+02	obstacle	(-9.097496e-06 -2.287014e-08 -5.638867e-06)	(8.657171e-08 2.287014e-08 5.637268e-06)
1.260000e+02	cylinder	(-1.563076e-05 -5.510142e-08 -3.572286e-06)	(-2.414677e-06 5.510142e-08 3.572286e-06)
1.260000e+02	obstacle	(-9.088935e-06 -2.283736e-08 -5.637130e-06)	(8.791461e-08 2.283736e-08 5.635533e-06)
1.270000e+02	cylinder	(-1.563075e-05 -5.512599e-08 -3.572275e-06)	(-2.406013e-06 5.512599e-08 3.572275e-06)
1.270000e+02	obstacle	(-9.080521e-06 -2.280505e-08 -5.635439e-06)	(8.929991e-08 2.280505e-08 5.633843e-06)
1.280000e+02	cylinder	(-1.563075e-05 -5.515023e-08 -3.572265e-06)	(-2.397456e-06 5.515023e-08 3.572265e-06)
1.280000e+02	obstacle	(-9.072251e-06 -2.277322e-08 -5.633793e-06)	(9.059635e-08 2.277322e-08 5.632198e-06)
1.290000e+02	cylinder	(-1.563074e-05 -5.517419e-08 -3.572255e-06)	(-2.389003e-06 5.517419e-08 3.572255e-06)
1.290000e+02	obstacle	(-9.064121e-06 -2.274186e-08 -5.632189e-06)	(9.182948e-08 2.274186e-08 5.630596e-06)
1.300000e+02	cylinder	(-1.563074e-05 -5.519782e-08 -3.572246e-06)	(-2.380652e-06 5.519782e-08 3.572246e-06)
1.300000e+02	obstacle	(-9.056128e-06 -2.271095e-08 -5.630629e-06)	(9.307489e-08 2.271095e-08 5.629036e-06)
1.310000e+02	cylinder	(-1.563074e-05 -5.522116e-08 -3.572237e-06)	(-2.372402e-06 5.522116e-08 3.572237e-06)
1.310000e+02	obstacle	(-9.048270e-06 -2.268052e-08 -5.629110e-06)	(9.432430e-08 2.268052e-08 5.627518e-06)
1.320000e+02	cylinder	(-1.563073e-05 -5.524421e-08 -3.572229e-06)	(-2.364249e-06 5.524421e-08 3.572229e-06)
1.320000e+02	obstacle	(-9.040544e-06 -2.265052e-08 -5.627632e-06)	(9.558247e-08 2.265052e-08 5.626041e-06)
1.330000e+02	cylinder	(-1.563073e-05 -5.526698e-08 -3.572221e-06)	(-2.356193e-06 5.526698e-08 3.572221e-06)
1.330000e+02	obstacle	(-9.032947e-06 -2.262094e-08 -5.626193e-06)	(9.668867e-08 2.262094e-08 5.624603e-06)
1.340000e+02	cylinder	(-1.563073e-05 -5.528949e-08 -3.572213e-06)	(-2.348217e-06 5.528949e-08 3.572213e-06)
1.340000e+02	obstacle	(-9.025476e-06 -2.259177e-08 -5.624793e-06)	(9.781451e-08 2.259177e-08 5.623204e-06)
1.350000e+02	cylinder	(-1.563072e-05 -5.531175e-08 -3.572206e-06)	(-2.340256e-06 5.531175e-08 3.572206e-06)
1.350000e+02	obstacle	(-9.018130e-06 -2.256297e-08 -5.623431e-06)	(9.893544e-08 2.256297e-08 5.621843e-06)
1.360000e+02	cylinder	(-1.563072e-05 -5.533373e-08 -3.572199e-06)	(-2.332386e-06 5.533373e-08 3.572199e-06)
1.360000e+02	obstacle	(-9.010905e-06 -2.253461e-08 -5.622106e-06)	(1.000406e-07 2.253461e-08 5.620519e-06)
1.370000e+02	cylinder	(-1.563072e-05 -5.535544e-08 -3.572193e-06)	(-2.324606e-06 5.535544e-08 3.572193e-06)
1.370000e+02	obstacle	(-9.003799e-06 -2.250664e-08 -5.620818e-06)	(1.011360e-07 2.250664e-08 5.619231e-06)
1.380000e+02	cylinder	(-1.563071e-05 -5.537691e-08 -3.572187e-06)	(-2.316914e-06 5.537691e-08 3.572187e-06)
1.380000e+02	obstacle	(-8.996809e-06 -2.247906e-08 -5.619565e-06)	(1.022329e-07 2.247906e-08 5.617979e-06)
1.390000e+02	cylinder	(-1.563071e-05 -5.539812e-08 -3.572182e-06)	(-2.309309e-06 5.539812e-08 3.572182e-06)
1.390000e+02	obstacle	(-8.989934e-06 -2.245186e-08 -5.618346e-06)	(1.032569e-07 2.245186e-08 5.616762e-06)
1.400000e+02	cylinder	(-1.563071e-05 -5.541906e-08 -3.572176e-06)	(-2.301788e-06 5.541906e-08 3.572176e-06)
1.400000e+02	obstacle	(-8.983171e-06 -2.242512e-08 -5.617162e-06)	(1.042399e-07 2.242512e-08 5.615579e-06)
1.410000e+02	cylinder	(-1.563071e-05 -5.543977e-08 -3.572172e-06)	(-2.294351e-06 5.543977e-08 3.572172e-06)
1.410000e+02	obstacle	(-8.976518e-06 -2.239873e-08 -5.616011e-06)	(1.052196e-07 2.239873e-08 5.614428e-06)
1.420000e+02	cylinder	(-1.563070e-05 -5.546022e-08 -3.572167e-06)	(-2.286996e-06 5.546022e-08 3.572167e-06)
1.420000e+02	obstacle	(-8.969972e-06 -2.237273e-08 -5.614893e-06)	(1.061865e-07 2.237273e-08 5.613311e-06)
1.430000e+02	cylinder	(-1.563070e-05 -5.548044e-08 -3.572163e-06)	(-2.279721e-06 5.548044e-08 3.572163e-06)
1.430000e+02	obstacle	(-8.963533e-06 -2.234707e-08 -5.613807e-06)	(1.071378e-07 2.234707e-08 5.612226e-06)
1.440000e+02	cylinder	(-1.563070e-05 -5.550044e-08 -3.572159e-06)	(-2.272525e-06 5.550044e-08 3.572159e-06)
1.440000e+02	obstacle	(-8.957197e-06 -2.232176e-08 -5.612752e-06)	(1.080731e-07 2.232176e-08 5.611171e-06)
1.450000e+02	cylinder	(-1.563070e-05 -5.552019e-08 -3.572155e-06)	(-2.265407e-06 5.552019e-08 3.572155e-06)
1.450000e+02	obstacle	(-8.950963e-06 -2.229680e-08 -5.611728e-06)	(1.089927e-07 2.229680e-08 5.610148e-06)
1.460000e+02	cylinder	(-1.563070e-05 -5.553971e-08 -3.572152e-06)	(-2.258365e-06 5.553971e-08 3.572152e-06)
1.460000e+02	obstacle	(-8.944829e-06 -2.227221e-08 -5.610734e-06)	(1.098980e-07 2.227221e-08 5.609154e-06)
1.470000e+02	cylinder	(-1.563069e-05 -5.555959e-08 -3.572149e-06)	(-2.251397e-06 5.555959e-08 3.572149e-06)
1.470000e+02	obstacle	(-8.938792e-06 -2.224716e-08 -5.609769e-06)	(1.107978e-07 2.224716e-08 5.608190e-06)
1.480000e+02	cylinder	(-1.563069e-05 -5.557872e-08 -3.572146e-06)	(-2.244503e-06 5.557872e-08 3.572146e-06)
1.480000e+02	obstacle	(-8.932852e-06 -2.222315e-08 -5.608833e-06)	(1.116599e-07 2.222315e-08 5.607255e-06)
1.490000e+02	cylinder	(-1.563069e-05 -5.559773e-08 -3.572144e-06)	(-2.237681e-06 5.559773e-08 3.572144e-06)
1.490000e+02	obstacle	(-8.927006e-06 -2.219933e-08 -5.607926e-06)	(1.124690e-07 2.219933e-08 5.606348e-06)
1.500000e+02	cylinder	(-1.563069e-05 -5.561628e-08 -3.572142e-06)	(-2.230930e-06 5.561628e-08 3.572142e-06)
1.500000e+02	obstacle	(-8.921253e-06 -2.217619e-08 -5.607046e-06)	(1.132761e-07 2.217619e-08 5.605468e-06)
1.510000e+02	cylinder	(-1.563069e-05 -5.563483e-08 -3.572140e-06)	(-2.224248e-06 5.563483e-08 3.572140e-06)
1.510000e+02	obstacle	(-8.915590e-06 -2.215304e-08 -5.606193e-06)	(1.140735e-07 2.215304e-08 5.604616e-06)
1.520000e+02	cylinder	(-1.563069e-05 -5.565317e-08 -3.572138e-06)	(-2.217636e-06 5.565317e-08 3.572138e-06)
1.520000e+02	obstacle	(-8.910018e-06 -2.213021e-08 -5.605367e-06)	(1.148541e-07 2.213021e-08 5.603791e-06)
1.530000e+02	cylinder	(-1.563069e-05 -5.567131e-08 -3.572137e-06)	(-2.211090e-06 5.567131e-08 3.572137e-06)
1.530000e+02	obstacle	(-8.904532e-06 -2.210770e-08 -5.604567e-06)	(1.156212e-07 2.210770e-08 5.602991e-06)
1.540000e+02	cylinder	(-1.563068e-05 -5.568926e-08 -3.572136e-06)	(-2.204611e-06 5.568926e-08 3.572136e-06)
1.540000e+02	obstacle	(-8.899133e-06 -2.208546e-08 -5.603793e-06)	(1.163734e-07 2.208546e-08 5.602217e-06)
1.550000e+02	cylinder	(-1.563068e-05 -5.570704e-08 -3.572135e-06)	(-2.198197e-06 5.570704e-08 3.572135e-06)
1.550000e+02	obstacle	(-8.893818e-06 -2.206349e-08 -5.603043e-06)	(1.171107e-07 2.206349e-08 5.601468e-06)
1.560000e+02	cylinder	(-1.563068e-05 -5.572465e-08 -3.572134e-06)	(-2.191847e-06 5.572465e-08 3.572134e-06)
1.560000e+02	obstacle	(-8.888586e-06 -2.204174e-08 -5.602319e-06)	(1.178334e-07 2.204174e-08 5.600744e-06)
1.570000e+02	cylinder	(-1.563068e-05 -5.574210e-08 -3.572134e-06)	(-2.185561e-06 5.574210e-08 3.572134e-06)
1.570000e+02	obstacle	(-8.883436e-06 -2.202028e-08 -5.601618e-06)	(1.185421e-07 2.202028e-08 5.600044e-06)
1.580000e+02	cylinder	(-1.563068e-05 -5.575941e-08 -3.572134e-06)	(-2.179336e-06 5.575941e-08 3.572134e-06)
1.580000e+02	obstacle	(-8.878366e-06 -2.199901e-08 -5.600942e-06)	(1.192377e-07 2.199901e-08 5.599368e-06)
1.590000e+02	cylinder	(-1.563068e-05 -5.577656e-08 -3.572134e-06)	(-2.173172e-06 5.577656e-08 3.572134e-06)
1.590000e+02	obstacle	(-8.873375e-06 -2.197798e-08 -5.600288e-06)	(1.199222e-07 2.197798e-08 5.598715e-06)
1.600000e+02	cylinder	(-1.563068e-05 -5.579330e-08 -3.572134e-06)	(-2.167068e-06 5.579330e-08 3.572134e-06)
1.600000e+02	obstacle	(-8.868462e-06 -2.195755e-08 -5.599657e-06)	(1.205989e-07 2.195755e-08 5.598085e-06)
1.610000e+02	cylinder	(-1.563068e-05 -5.581000e-08 -3.572134e-06)	(-2.161023e-06 5.581000e-08 3.572134e-06)
1.610000e+02	obstacle	(-8.863624e-06 -2.193718e-08 -5.599049e-06)	(1.212573e-07 2.193718e-08 5.597477e-06)
1.620000e+02	cylinder	(-1.563068e-05 -5.582652e-08 -3.572135e-06)	(-2.155037e-06 5.582652e-08 3.572135e-06)
1.620000e+02	obstacle	(-8.858862e-06 -2.191707e-08 -5.598463e-06)	(1.218639e-07 2.191707e-08 5.596891e-06)
1.630000e+02	cylinder	(-1.563068e-05 -5.584296e-08 -3.572136e-06)	(-2.149107e-06 5.584296e-08 3.572136e-06)
1.630000e+02	obstacle	(-8.854173e-06 -2.189710e-08 -5.597899e-06)	(1.224691e-07 2.189710e-08 5.596327e-06)
1.640000e+02	cylinder	(-1.563068e-05 -5.585920e-08 -3.572136e-06)	(-2.143234e-06 5.585920e-08 3.572136e-06)
1.640000e+02	obstacle	(-8.849556e-06 -2.187740e-08 -5.597356e-06)	(1.230661e-07 2.187740e-08 5.595784e-06)
1.650000e+02	cylinder	(-1.563068e-05 -5.587552e-08 -3.572137e-06)	(-2.137416e-06 5.587552e-08 3.572137e-06)
1.650000e+02	obstacle	(-8.845010e-06 -2.185760e-08 -5.596833e-06)	(1.236524e-07 2.185760e-08 5.595262e-06)
1.660000e+02	cylinder	(-1.563068e-05 -5.589154e-08 -3.572139e-06)	(-2.131653e-06 5.589154e-08 3.572139e-06)
1.660000e+02	obstacle	(-8.840534e-06 -2.183826e-08 -5.596331e-06)	(1.242272e-07 2.183826e-08 5.594760e-06)
1.670000e+02	cylinder	(-1.563068e-05 -5.590590e-08 -3.572140e-06)	(-2.125943e-06 5.590590e-08 3.572140e-06)
1.670000e+02	obstacle	(-8.836127e-06 -2.182108e-08 -5.595849e-06)	(1.247904e-07 2.182108e-08 5.594278e-06)
1.680000e+02	cylinder	(-1.563067e-05 -5.592149e-08 -3.572141e-06)	(-2.120286e-06 5.592149e-08 3.572141e-06)
1.680000e+02	obstacle	(-8.831788e-06 -2.180238e-08 -5.595387e-06)	(1.253417e-07 2.180238e-08 5.593816e-06)
1.690000e+02	cylinder	(-1.563067e-05 -5.593673e-08 -3.572143e-06)	(-2.114682e-06 5.593673e-08 3.572143e-06)
1.690000e+02	obstacle	(-8.827515e-06 -2.178409e-08 -5.594944e-06)	(1.258814e-07 2.178409e-08 5.593374e-06)
1.700000e+02	cylinder	(-1.563067e-05 -5.595172e-08 -3.572145e-06)	(-2.109128e-06 5.595172e-08 3.572145e-06)
1.700000e+02	obstacle	(-8.823308e-06 -2.176639e-08 -5.594521e-06)	(1.264107e-07 2.176639e-08 5.592950e-06)
1.710000e+02	cylinder	(-1.563067e-05 -5.596787e-08 -3.572146e-06)	(-2.103625e-06 5.596787e-08 3.572146e-06)
1.710000e+02	obstacle	(-8.819165e-06 -2.174693e-08 -5.594116e-06)	(1.269261e-07 2.174693e-08 5.592546e-06)
1.720000e+02	cylinder	(-1.563067e-05 -5.598341e-08 -3.572148e-06)	(-2.098172e-06 5.598341e-08 3.572148e-06)
1.720000e+02	obstacle	(-8.815085e-06 -2.172835e-08 -5.593729e-06)	(1.274314e-07 2.172835e-08 5.592159e-06)
1.730000e+02	cylinder	(-1.563067e-05 -5.599673e-08 -3.572150e-06)	(-2.092768e-06 5.599673e-08 3.572150e-06)
1.730000e+02	obstacle	(-8.811068e-06 -2.171265e-08 -5.593361e-06)	(1.279257e-07 2.171265e-08 5.591791e-06)
1.740000e+02	cylinder	(-1.563067e-05 -5.601364e-08 -3.572152e-06)	(-2.087412e-06 5.601364e-08 3.572152e-06)
1.740000e+02	obstacle	(-8.807112e-06 -2.169237e-08 -5.593010e-06)	(1.284093e-07 2.169237e-08 5.591440e-06)
1.750000e+02	cylinder	(-1.563067e-05 -5.602744e-08 -3.572154e-06)	(-2.082104e-06 5.602744e-08 3.572154e-06)
1.750000e+02	obstacle	(-8.803216e-06 -2.167615e-08 -5.592677e-06)	(1.288825e-07 2.167615e-08 5.591107e-06)
1.760000e+02	cylinder	(-1.563067e-05 -5.604143e-08 -3.572157e-06)	(-2.076843e-06 5.604143e-08 3.572157e-06)
1.760000e+02	obstacle	(-8.799380e-06 -2.165985e-08 -5.592361e-06)	(1.293455e-07 2.165985e-08 5.590791e-06)
1.770000e+02	cylinder	(-1.563067e-05 -5.605521e-08 -3.572159e-06)	(-2.071628e-06 5.605521e-08 3.572159e-06)
1.770000e+02	obstacle	(-8.795602e-06 -2.164356e-08 -5.592062e-06)	(1.297987e-07 2.164356e-08 5.590492e-06)
1.780000e+02	cylinder	(-1.563067e-05 -5.606950e-08 -3.572161e-06)	(-2.066459e-06 5.606950e-08 3.572161e-06)
1.780000e+02	obstacle	(-8.791882e-06 -2.162697e-08 -5.591779e-06)	(1.302428e-07 2.162697e-08 5.590210e-06)
1.790000e+02	cylinder	(-1.563067e-05 -5.608405e-08 -3.572164e-06)	(-2.061335e-06 5.608405e-08 3.572164e-06)
1.790000e+02	obstacle	(-8.788218e-06 -2.160966e-08 -5.591513e-06)	(1.306784e-07 2.160966e-08 5.589944e-06)
1.800000e+02	cylinder	(-1.563067e-05 -5.609782e-08 -3.572166e-06)	(-2.056255e-06 5.609782e-08 3.572166e-06)
1.800000e+02	obstacle	(-8.784610e-06 -2.159362e-08 -5.591263e-06)	(1.311020e-07 2.159362e-08 5.589693e-06)
1.810000e+02	cylinder	(-1.563067e-05 -5.611179e-08 -3.572169e-06)	(-2.051219e-06 5.611179e-08 3.572169e-06)
1.810000e+02	obstacle	(-8.781129e-06 -2.157732e-08 -5.591028e-06)	(1.315242e-07 2.157732e-08 5.589459e-06)
1.820000e+02	cylinder	(-1.563067e-05 -5.612618e-08 -3.572171e-06)	(-2.046225e-06 5.612618e-08 3.572171e-06)
1.820000e+02	obstacle	(-8.777810e-06 -2.156059e-08 -5.590809e-06)	(1.319095e-07 2.156059e-08 5.589240e-06)
1.830000e+02	cylinder	(-1.563067e-05 -5.613953e-08 -3.572174e-06)	(-2.041274e-06 5.613953e-08 3.572174e-06)
1.830000e+02	obstacle	(-8.774543e-06 -2.154504e-08 -5.590606e-06)	(1.322894e-07 2.154504e-08 5.589037e-06)
1.840000e+02	cylinder	(-1.563067e-05 -5.615202e-08 -3.572177e-06)	(-2.036365e-06 5.615202e-08 3.572177e-06)
1.840000e+02	obstacle	(-8.771327e-06 -2.153075e-08 -5.590417e-06)	(1.326658e-07 2.153075e-08 5.588848e-06)
1.850000e+02	cylinder	(-1.563067e-05 -5.616508e-08 -3.572179e-06)	(-2.031496e-06 5.616508e-08 3.572179e-06)
1.850000e+02	obstacle	(-8.768160e-06 -2.151567e-08 -5.590243e-06)	(1.330373e-07 2.151567e-08 5.588674e-06)
1.860000e+02	cylinder	(-1.563067e-05 -5.617941e-08 -3.572182e-06)	(-2.026669e-06 5.617941e-08 3.572182e-06)
1.860000e+02	obstacle	(-8.765043e-06 -2.149891e-08 -5.590084e-06)	(1.333998e-07 2.149891e-08 5.588515e-06)
1.870000e+02	cylinder	(-1.563067e-05 -5.619177e-08 -3.572185e-06)	(-2.021881e-06 5.619177e-08 3.572185e-06)
1.870000e+02	obstacle	(-8.761974e-06 -2.148486e-08 -5.589939e-06)	(1.337539e-07 2.148486e-08 5.588370e-06)
1.880000e+02	cylinder	(-1.563067e-05 -5.620452e-08 -3.572188e-06)	(-2.017134e-06 5.620452e-08 3.572188e-06)
1.880000e+02	obstacle	(-8.758953e-06 -2.147028e-08 -5.589808e-06)	(1.340995e-07 2.147028e-08 5.588239e-06)
1.890000e+02	cylinder	(-1.563067e-05 -5.621718e-08 -3.572191e-06)	(-2.012421e-06 5.621718e-08 3.572191e-06)
1.890000e+02	obstacle	(-8.755979e-06 -2.145584e-08 -5.589691e-06)	(1.344370e-07 2.145584e-08 5.588122e-06)
1.900000e+02	cylinder	(-1.563067e-05 -5.623139e-08 -3.572194e-06)	(-2.007739e-06 5.623139e-08 3.572194e-06)
1.900000e+02	obstacle	(-8.753052e-06 -2.143936e-08 -5.589588e-06)	(1.347660e-07 2.143936e-08 5.588018e-06)
1.910000e+02	cylinder	(-1.563067e-05 -5.624357e-08 -3.572197e-06)	(-2.003094e-06 5.624357e-08 3.572197e-06)
1.910000e+02	obstacle	(-8.750170e-06 -2.142550e-08 -5.589498e-06)	(1.350824e-07 2.142550e-08 5.587928e-06)
1.920000e+02	cylinder	(-1.563067e-05 -5.625475e-08 -3.572200e-06)	(-1.998487e-06 5.625475e-08 3.572200e-06)
1.920000e+02	obstacle	(-8.747333e-06 -2.141310e-08 -5.589421e-06)	(1.354012e-07 2.141310e-08 5.587852e-06)
1.930000e+02	cylinder	(-1.563068e-05 -5.626723e-08 -3.572203e-06)	(-1.993916e-06 5.626723e-08 3.572203e-06)
1.930000e+02	obstacle	(-8.744541e-06 -2.139897e-08 -5.589357e-06)	(1.357101e-07 2.139897e-08 5.587788e-06)
1.940000e+02	cylinder	(-1.563068e-05 -5.628092e-08 -3.572206e-06)	(-1.989382e-06 5.628092e-08 3.572206e-06)
1.940000e+02	obstacle	(-8.741792e-06 -2.138318e-08 -5.589306e-06)	(1.360105e-07 2.138318e-08 5.587737e-06)
1.950000e+02	cylinder	(-1.563068e-05 -5.629286e-08 -3.572209e-06)	(-1.984885e-06 5.629286e-08 3.572209e-06)
1.950000e+02	obstacle	(-8.739086e-06 -2.136975e-08 -5.589268e-06)	(1.363033e-07 2.136975e-08 5.587698e-06)
1.960000e+02	cylinder	(-1.563068e-05 -5.630469e-08 -3.572212e-06)	(-1.980422e-06 5.630469e-08 3.572212e-06)
1.960000e+02	obstacle	(-8.736423e-06 -2.135658e-08 -5.589242e-06)	(1.365889e-07 2.135658e-08 5.587672e-06)
1.970000e+02	cylinder	(-1.563068e-05 -5.631735e-08 -3.572215e-06)	(-1.975995e-06 5.631735e-08 3.572215e-06)
1.970000e+02	obstacle	(-8.733802e-06 -2.134218e-08 -5.589228e-06)	(1.368673e-07 2.134218e-08 5.587658e-06)
1.980000e+02	cylinder	(-1.563068e-05 -5.632882e-08 -3.572218e-06)	(-1.971602e-06 5.632882e-08 3.572218e-06)
1.980000e+02	obstacle	(-8.731222e-06 -2.132943e-08 -5.589227e-06)	(1.371388e-07 2.132943e-08 5.587657e-06)
1.990000e+02	cylinder	(-1.563068e-05 -5.634031e-08 -3.572221e-06)	(-1.967243e-06 5.634031e-08 3.572221e-06)
1.990000e+02	obstacle	(-8.728683e-06 -2.131672e-08 -5.589237e-06)	(1.374036e-07 2.131672e-08 5.587667e-06)
2.000000e+02	cylinder	(-1.563068e-05 -5.635198e-08 -3.572225e-06)	(-1.962918e-06 5.635198e-08 3.572225e-06)
2.000000e+02	obstacle	(-8.726184e-06 -2.130376e-08 -5.589259e-06)	(1.376618e-07 2.130376e-08 5.587688e-06)
2.010000e+02	cylinder	(-1.563068e-05 -5.636307e-08 -3.572228e-06)	(-1.958627e-06 5.636307e-08 3.572228e-06)
2.010000e+02	obstacle	(-8.723724e-06 -2.129142e-08 -5.589292e-06)	(1.379135e-07 2.129142e-08 5.587722e-06)
2.020000e+02	cylinder	(-1.563068e-05 -5.637616e-08 -3.572231e-06)	(-1.954368e-06 5.637616e-08 3.572231e-06)
2.020000e+02	obstacle	(-8.721304e-06 -2.127650e-08 -5.589337e-06)	(1.381589e-07 2.127650e-08 5.587766e-06)
2.030000e+02	cylinder	(-1.563068e-05 -5.638763e-08 -3.572234e-06)	(-1.950141e-06 5.638763e-08 3.572234e-06)
2.030000e+02	obstacle	(-8.718922e-06 -2.126386e-08 -5.589393e-06)	(1.383979e-07 2.126386e-08 5.587822e-06)
2.040000e+02	cylinder	(-1.563068e-05 -5.639725e-08 -3.572237e-06)	(-1.945947e-06 5.639725e-08 3.572237e-06)
2.040000e+02	obstacle	(-8.716578e-06 -2.125365e-08 -5.589460e-06)	(1.386284e-07 2.125365e-08 5.587889e-06)
2.050000e+02	cylinder	(-1.563068e-05 -5.640893e-08 -3.572240e-06)	(-1.941785e-06 5.640893e-08 3.572241e-06)
2.050000e+02	obstacle	(-8.714271e-06 -2.124069e-08 -5.589538e-06)	(1.388567e-07 2.124069e-08 5.587966e-06)
2.060000e+02	cylinder	(-1.563068e-05 -5.642091e-08 -3.572244e-06)	(-1.937653e-06 5.642091e-08 3.572244e-06)
2.060000e+02	obstacle	(-8.712001e-06 -2.122737e-08 -5.589626e-06)	(1.390807e-07 2.122737e-08 5.588054e-06)
2.070000e+02	cylinder	(-1.563068e-05 -5.643246e-08 -3.572247e-06)	(-1.933553e-06 5.643246e-08 3.572247e-06)
2.070000e+02	obstacle	(-8.709768e-06 -2.121458e-08 -5.589725e-06)	(1.392979e-07 2.121458e-08 5.588153e-06)
2.080000e+02	cylinder	(-1.563068e-05 -5.644221e-08 -3.572250e-06)	(-1.929483e-06 5.644221e-08 3.572250e-06)
2.080000e+02	obstacle	(-8.707570e-06 -2.120428e-08 -5.589834e-06)	(1.395095e-07 2.120428e-08 5.588262e-06)
2.090000e+02	cylinder	(-1.563068e-05 -5.645337e-08 -3.572253e-06)	(-1.925443e-06 5.645337e-08 3.572253e-06)
2.090000e+02	obstacle	(-8.705409e-06 -2.119197e-08 -5.589954e-06)	(1.397155e-07 2.119197e-08 5.588381e-06)
2.100000e+02	cylinder	(-1.563068e-05 -5.646408e-08 -3.572257e-06)	(-1.921433e-06 5.646408e-08 3.572257e-06)
2.100000e+02	obstacle	(-8.703282e-06 -2.118041e-08 -5.590083e-06)	(1.399165e-07 2.118041e-08 5.588511e-06)
2.110000e+02	cylinder	(-1.563068e-05 -5.647613e-08 -3.572260e-06)	(-1.917452e-06 5.647613e-08 3.572260e-06)
2.110000e+02	obstacle	(-8.701189e-06 -2.116701e-08 -5.590223e-06)	(1.401128e-07 2.116701e-08 5.588650e-06)
2.120000e+02	cylinder	(-1.563068e-05 -5.648543e-08 -3.572263e-06)	(-1.913501e-06 5.648543e-08 3.572263e-06)
2.120000e+02	obstacle	(-8.699131e-06 -2.115724e-08 -5.590372e-06)	(1.403047e-07 2.115724e-08 5.588799e-06)
2.130000e+02	cylinder	(-1.563068e-05 -5.649671e-08 -3.572266e-06)	(-1.909578e-06 5.649671e-08 3.572266e-06)
2.130000e+02	obstacle	(-8.697106e-06 -2.114479e-08 -5.590531e-06)	(1.404928e-07 2.114479e-08 5.588957e-06)
2.140000e+02	cylinder	(-1.563068e-05 -5.650722e-08 -3.572270e-06)	(-1.905684e-06 5.650722e-08 3.572270e-06)
2.140000e+02	obstacle	(-8.695114e-06 -2.113366e-08 -5.590699e-06)	(1.406785e-07 2.113366e-08 5.589126e-06)
2.150000e+02	cylinder	(-1.563068e-05 -5.651705e-08 -3.572273e-06)	(-1.901817e-06 5.651705e-08 3.572273e-06)
2.150000e+02	obstacle	(-8.693155e-06 -2.112319e-08 -5.590877e-06)	(1.408571e-07 2.112319e-08 5.589303e-06)
2.160000e+02	cylinder	(-1.563068e-05 -5.652777e-08 -3.572276e-06)	(-1.897978e-06 5.652777e-08 3.572276e-06)
2.160000e+02	obstacle	(-8.691228e-06 -2.111167e-08 -5.591064e-06)	(1.410187e-07 2.111167e-08 5.589490e-06)
2.170000e+02	cylinder	(-1.563068e-05 -5.653785e-08 -3.572279e-06)	(-1.894167e-06 5.653785e-08 3.572279e-06)
2.170000e+02	obstacle	(-8.689334e-06 -2.110091e-08 -5.591260e-06)	(1.411736e-07 2.110091e-08 5.589686e-06)
2.180000e+02	cylinder	(-1.563068e-05 -5.654820e-08 -3.572282e-06)	(-1.890383e-06 5.654820e-08 3.572282e-06)
2.180000e+02	obstacle	(-8.687470e-06 -2.108968e-08 -5.591465e-06)	(1.413273e-07 2.108968e-08 5.589891e-06)
2.190000e+02	cylinder	(-1.563068e-05 -5.655853e-08 -3.572286e-06)	(-1.886625e-06 5.655853e-08 3.572286e-06)
2.190000e+02	obstacle	(-8.685638e-06 -2.107879e-08 -5.591679e-06)	(1.414783e-07 2.107879e-08 5.590104e-06)
2.200000e+02	cylinder	(-1.563068e-05 -5.656752e-08 -3.572289e-06)	(-1.882894e-06 5.656752e-08 3.572289e-06)
2.200000e+02	obstacle	(-8.683836e-06 -2.106956e-08 -5.591902e-06)	(1.416259e-07 2.106956e-08 5.590327e-06)
2.210000e+02	cylinder	(-1.563068e-05 -5.657761e-08 -3.572292e-06)	(-1.879189e-06 5.657761e-08 3.572292e-06)
2.210000e+02	obstacle	(-8.682065e-06 -2.105875e-08 -5.592133e-06)	(1.417698e-07 2.105875e-08 5.590558e-06)
2.220000e+02	cylinder	(-1.563068e-05 -5.658695e-08 -3.572295e-06)	(-1.875510e-06 5.658695e-08 3.572295e-06)
2.220000e+02	obstacle	(-8.680323e-06 -2.104919e-08 -5.592373e-06)	(1.419097e-07 2.104919e-08 5.590797e-06)
2.230000e+02	cylinder	(-1.563069e-05 -5.659652e-08 -3.572298e-06)	(-1.871857e-06 5.659652e-08 3.572298e-06)
2.230000e+02	obstacle	(-8.678611e-06 -2.103908e-08 -5.592621e-06)	(1.420459e-07 2.103908e-08 5.591045e-06)
2.240000e+02	cylinder	(-1.563069e-05 -5.660647e-08 -3.572301e-06)	(-1.868228e-06 5.660647e-08 3.572302e-06)
2.240000e+02	obstacle	(-8.676928e-06 -2.102858e-08 -5.592878e-06)	(1.421781e-07 2.102858e-08 5.591301e-06)
2.250000e+02	cylinder	(-1.563069e-05 -5.661676e-08 -3.572305e-06)	(-1.864625e-06 5.661676e-08 3.572305e-06)
2.250000e+02	obstacle	(-8.675273e-06 -2.101763e-08 -5.593142e-06)	(1.423062e-07 2.101763e-08 5.591566e-06)
2.260000e+02	cylinder	(-1.563069e-05 -5.662550e-08 -3.572308e-06)	(-1.861047e-06 5.662550e-08 3.572308e-06)
2.260000e+02	obstacle	(-8.673647e-06 -2.100873e-08 -5.593415e-06)	(1.424301e-07 2.100873e-08 5.591838e-06)
2.270000e+02	cylinder	(-1.563069e-05 -5.663594e-08 -3.572311e-06)	(-1.857492e-06 5.663594e-08 3.572311e-06)
2.270000e+02	obstacle	(-8.672049e-06 -2.099762e-08 -5.593696e-06)	(1.425480e-07 2.099762e-08 5.592118e-06)
2.280000e+02	cylinder	(-1.563069e-05 -5.664546e-08 -3.572314e-06)	(-1.853962e-06 5.664546e-08 3.572314e-06)
2.280000e+02	obstacle	(-8.670479e-06 -2.098765e-08 -5.593984e-06)	(1.426677e-07 2.098765e-08 5.592406e-06)
2.290000e+02	cylinder	(-1.563069e-05 -5.665492e-08 -3.572317e-06)	(-1.850456e-06 5.665492e-08 3.572317e-06)
2.290000e+02	obstacle	(-8.668936e-06 -2.097786e-08 -5.594280e-06)	(1.427835e-07 2.097786e-08 5.592702e-06)
2.300000e+02	cylinder	(-1.563069e-05 -5.666368e-08 -3.572320e-06)	(-1.846974e-06 5.666368e-08 3.572320e-06)
2.300000e+02	obstacle	(-8.667420e-06 -2.096900e-08 -5.594584e-06)	(1.428949e-07 2.096900e-08 5.593005e-06)
2.310000e+02	cylinder	(-1.563069e-05 -5.667374e-08 -3.572323e-06)	(-1.843514e-06 5.667374e-08 3.572323e-06)
2.310000e+02	obstacle	(-8.665931e-06 -2.095836e-08 -5.594895e-06)	(1.430026e-07 2.095836e-08 5.593316e-06)
2.320000e+02	cylinder	(-1.563069e-05 -5.668224e-08 -3.572326e-06)	(-1.840078e-06 5.668224e-08 3.572326e-06)
2.320000e+02	obstacle	(-8.664468e-06 -2.094993e-08 -5.595213e-06)	(1.431067e-07 2.094993e-08 5.593634e-06)
2.330000e+02	cylinder	(-1.563069e-05 -5.669089e-08 -3.572330e-06)	(-1.836665e-06 5.669089e-08 3.572330e-06)
2.330000e+02	obstacle	(-8.663031e-06 -2.094116e-08 -5.595539e-06)	(1.432075e-07 2.094116e-08 5.593960e-06)
2.340000e+02	cylinder	(-1.563069e-05 -5.670090e-08 -3.572333e-06)	(-1.833275e-06 5.670090e-08 3.572333e-06)
2.340000e+02	obstacle	(-8.661619e-06 -2.093070e-08 -5.595872e-06)	(1.433055e-07 2.093070e-08 5.594292e-06)
2.350000e+02	cylinder	(-1.563069e-05 -5.670946e-08 -3.572336e-06)	(-1.829906e-06 5.670946e-08 3.572336e-06)
2.350000e+02	obstacle	(-8.660233e-06 -2.092216e-08 -5.596213e-06)	(1.434004e-07 2.092216e-08 5.594632e-06)
2.360000e+02	cylinder	(-1.563069e-05 -5.671915e-08 -3.572339e-06)	(-1.826560e-06 5.671915e-08 3.572339e-06)
2.360000e+02	obstacle	(-8.658872e-06 -2.091205e-08 -5.596560e-06)	(1.434915e-07 2.091205e-08 5.594979e-06)
2.370000e+02	cylinder	(-1.563069e-05 -5.672705e-08 -3.572342e-06)	(-1.823236e-06 5.672705e-08 3.572342e-06)
2.370000e+02	obstacle	(-8.657536e-06 -2.090434e-08 -5.596914e-06)	(1.435793e-07 2.090434e-08 5.595333e-06)
2.380000e+02	cylinder	(-1.563069e-05 -5.673530e-08 -3.572345e-06)	(-1.819933e-06 5.673530e-08 3.572345e-06)
2.380000e+02	obstacle	(-8.656224e-06 -2.089627e-08 -5.597275e-06)	(1.436645e-07 2.089627e-08 5.595693e-06)
2.390000e+02	cylinder	(-1.563069e-05 -5.674491e-08 -3.572348e-06)	(-1.816652e-06 5.674491e-08 3.572348e-06)
2.390000e+02	obstacle	(-8.654936e-06 -2.088625e-08 -5.597643e-06)	(1.437469e-07 2.088625e-08 5.596061e-06)
2.400000e+02	cylinder	(-1.563069e-05 -5.675308e-08 -3.572351e-06)	(-1.813392e-06 5.675308e-08 3.572351e-06)
2.400000e+02	obstacle	(-8.653673e-06 -2.087815e-08 -5.598017e-06)	(1.438265e-07 2.087815e-08 5.596435e-06)
2.410000e+02	cylinder	(-1.563069e-05 -5.676158e-08 -3.572354e-06)	(-1.810152e-06 5.676158e-08 3.572354e-06)
2.410000e+02	obstacle	(-8.652432e-06 -2.086966e-08 -5.598398e-06)	(1.439035e-07 2.086966e-08 5.596815e-06)
2.420000e+02	cylinder	(-1.563069e-05 -5.677081e-08 -3.572357e-06)	(-1.806934e-06 5.677081e-08 3.572357e-06)
2.420000e+02	obstacle	(-8.651215e-06 -2.086033e-08 -5.598786e-06)	(1.439776e-07 2.086033e-08 5.597202e-06)
2.430000e+02	cylinder	(-1.563069e-05 -5.677813e-08 -3.572360e-06)	(-1.803737e-06 5.677813e-08 3.572360e-06)
2.430000e+02	obstacle	(-8.650022e-06 -2.085335e-08 -5.599179e-06)	(1.440492e-07 2.085335e-08 5.597595e-06)
2.440000e+02	cylinder	(-1.563069e-05 -5.678846e-08 -3.572362e-06)	(-1.800559e-06 5.678846e-08 3.572362e-06)
2.440000e+02	obstacle	(-8.648850e-06 -2.084257e-08 -5.599580e-06)	(1.441182e-07 2.084257e-08 5.597995e-06)
2.450000e+02	cylinder	(-1.563069e-05 -5.679531e-08 -3.572365e-06)	(-1.797394e-06 5.679531e-08 3.572365e-06)
2.450000e+02	obstacle	(-8.647701e-06 -2.083632e-08 -5.599986e-06)	(1.441847e-07 2.083632e-08 5.598401e-06)
2.460000e+02	cylinder	(-1.563069e-05 -5.680444e-08 -3.572368e-06)	(-1.794245e-06 5.680444e-08 3.572368e-06)
2.460000e+02	obstacle	(-8.646575e-06 -2.082696e-08 -5.600398e-06)	(1.442488e-07 2.082696e-08 5.598813e-06)
2.470000e+02	cylinder	(-1.563069e-05 -5.681248e-08 -3.572371e-06)	(-1.791117e-06 5.681248e-08 3.572371e-06)
2.470000e+02	obstacle	(-8.645470e-06 -2.081918e-08 -5.600817e-06)	(1.443104e-07 2.081918e-08 5.599231e-06)
2.480000e+02	cylinder	(-1.563070e-05 -5.681965e-08 -3.572374e-06)	(-1.788008e-06 5.681965e-08 3.572374e-06)
2.480000e+02	obstacle	(-8.644388e-06 -2.081241e-08 -5.601241e-06)	(1.443697e-07 2.081241e-08 5.599655e-06)
2.490000e+02	cylinder	(-1.563070e-05 -5.682879e-08 -3.572377e-06)	(-1.784918e-06 5.682879e-08 3.572377e-06)
2.490000e+02	obstacle	(-8.643326e-06 -2.080314e-08 -5.601672e-06)	(1.444267e-07 2.080314e-08 5.600085e-06)
2.500000e+02	cylinder	(-1.563070e-05 -5.683648e-08 -3.572380e-06)	(-1.781847e-06 5.683648e-08 3.572380e-06)
2.500000e+02	obstacle	(-8.642286e-06 -2.079581e-08 -5.602108e-06)	(1.444815e-07 2.079581e-08 5.600521e-06)
2.510000e+02	cylinder	(-1.563070e-05 -5.684480e-08 -3.572383e-06)	(-1.778795e-06 5.684480e-08 3.572383e-06)
2.510000e+02	obstacle	(-8.641266e-06 -2.078766e-08 -5.602550e-06)	(1.445341e-07 2.078766e-08 5.600963e-06)
2.520000e+02	cylinder	(-1.563070e-05 -5.685353e-08 -3.572385e-06)	(-1.775762e-06 5.685353e-08 3.572385e-06)
2.520000e+02	obstacle	(-8.640268e-06 -2.077893e-08 -5.602998e-06)	(1.445845e-07 2.077893e-08 5.601410e-06)
2.530000e+02	cylinder	(-1.563070e-05 -5.685933e-08 -3.572388e-06)	(-1.772748e-06 5.685933e-08 3.572388e-06)
2.530000e+02	obstacle	(-8.639290e-06 -2.077408e-08 -5.603452e-06)	(1.446329e-07 2.077408e-08 5.601863e-06)
2.540000e+02	cylinder	(-1.563070e-05 -5.686926e-08 -3.572391e-06)	(-1.769751e-06 5.686926e-08 3.572391e-06)
2.540000e+02	obstacle	(-8.638332e-06 -2.076385e-08 -5.603911e-06)	(1.446793e-07 2.076385e-08 5.602321e-06)
2.550000e+02	cylinder	(-1.563070e-05 -5.687639e-08 -3.572394e-06)	(-1.766773e-06 5.687639e-08 3.572394e-06)
2.550000e+02	obstacle	(-8.637394e-06 -2.075713e-08 -5.604375e-06)	(1.447236e-07 2.075713e-08 5.602785e-06)
2.560000e+02	cylinder	(-1.563070e-05 -5.688360e-08 -3.572396e-06)	(-1.763813e-06 5.688360e-08 3.572396e-06)
2.560000e+02	obstacle	(-8.636476e-06 -2.075050e-08 -5.604845e-06)	(1.447661e-07 2.075050e-08 5.603254e-06)
2.570000e+02	cylinder	(-1.563070e-05 -5.689205e-08 -3.572399e-06)	(-1.760870e-06 5.689205e-08 3.572399e-06)
2.570000e+02	obstacle	(-8.635577e-06 -2.074228e-08 -5.605320e-06)	(1.448066e-07 2.074228e-08 5.603729e-06)
2.580000e+02	cylinder	(-1.563070e-05 -5.689977e-08 -3.572402e-06)	(-1.757945e-06 5.689977e-08 3.572402e-06)
2.580000e+02	obstacle	(-8.634698e-06 -2.073492e-08 -5.605800e-06)	(1.448454e-07 2.073492e-08 5.604209e-06)
2.590000e+02	cylinder	(-1.563070e-05 -5.690824e-08 -3.572405e-06)	(-1.755038e-06 5.690824e-08 3.572405e-06)
2.590000e+02	obstacle	(-8.633837e-06 -2.072650e-08 -5.606286e-06)	(1.448824e-07 2.072650e-08 5.604694e-06)
2.600000e+02	cylinder	(-1.563070e-05 -5.691518e-08 -3.572407e-06)	(-1.752148e-06 5.691518e-08 3.572407e-06)
2.600000e+02	obstacle	(-8.632996e-06 -2.072016e-08 -5.606777e-06)	(1.449176e-07 2.072016e-08 5.605184e-06)
2.610000e+02	cylinder	(-1.563070e-05 -5.692200e-08 -3.572410e-06)	(-1.749275e-06 5.692200e-08 3.572410e-06)
2.610000e+02	obstacle	(-8.632173e-06 -2.071396e-08 -5.607273e-06)	(1.449511e-07 2.071396e-08 5.605680e-06)
2.620000e+02	cylinder	(-1.563070e-05 -5.692998e-08 -3.572413e-06)	(-1.746419e-06 5.692998e-08 3.572413e-06)
2.620000e+02	obstacle	(-8.631369e-06 -2.070633e-08 -5.607774e-06)	(1.449830e-07 2.070633e-08 5.606180e-06)
2.630000e+02	cylinder	(-1.563070e-05 -5.693801e-08 -3.572415e-06)	(-1.743579e-06 5.693801e-08 3.572415e-06)
2.630000e+02	obstacle	(-8.630583e-06 -2.069858e-08 -5.608280e-06)	(1.450132e-07 2.069858e-08 5.606685e-06)
2.640000e+02	cylinder	(-1.563070e-05 -5.694451e-08 -3.572418e-06)	(-1.740756e-06 5.694451e-08 3.572418e-06)
2.640000e+02	obstacle	(-8.629815e-06 -2.069283e-08 -5.608790e-06)	(1.450419e-07 2.069283e-08 5.607196e-06)
2.650000e+02	cylinder	(-1.563070e-05 -5.695128e-08 -3.572420e-06)	(-1.737950e-06 5.695128e-08 3.572420e-06)
2.650000e+02	obstacle	(-8.629065e-06 -2.068678e-08 -5.609306e-06)	(1.450690e-07 2.068678e-08 5.607711e-06)
2.660000e+02	cylinder	(-1.563070e-05 -5.695808e-08 -3.572423e-06)	(-1.735159e-06 5.695808e-08 3.572423e-06)
2.660000e+02	obstacle	(-8.628333e-06 -2.068061e-08 -5.609826e-06)	(1.450946e-07 2.068061e-08 5.608230e-06)
2.670000e+02	cylinder	(-1.563070e-05 -5.696637e-08 -3.572426e-06)	(-1.732385e-06 5.696637e-08 3.572426e-06)
2.670000e+02	obstacle	(-8.627618e-06 -2.067257e-08 -5.610351e-06)	(1.451188e-07 2.067257e-08 5.608755e-06)
2.680000e+02	cylinder	(-1.563070e-05 -5.697378e-08 -3.572428e-06)	(-1.729627e-06 5.697378e-08 3.572428e-06)
2.680000e+02	obstacle	(-8.626920e-06 -2.066569e-08 -5.610881e-06)	(1.451415e-07 2.066569e-08 5.609284e-06)
2.690000e+02	cylinder	(-1.563070e-05 -5.697977e-08 -3.572431e-06)	(-1.726885e-06 5.697977e-08 3.572431e-06)
2.690000e+02	obstacle	(-8.626240e-06 -2.066060e-08 -5.611415e-06)	(1.451628e-07 2.066060e-08 5.609818e-06)
2.700000e+02	cylinder	(-1.563070e-05 -5.698792e-08 -3.572433e-06)	(-1.724159e-06 5.698792e-08 3.572433e-06)
2.700000e+02	obstacle	(-8.625576e-06 -2.065277e-08 -5.611954e-06)	(1.451828e-07 2.065277e-08 5.610356e-06)
2.710000e+02	cylinder	(-1.563070e-05 -5.699432e-08 -3.572436e-06)	(-1.721448e-06 5.699432e-08 3.572436e-06)
2.710000e+02	obstacle	(-8.624929e-06 -2.064719e-08 -5.612498e-06)	(1.452013e-07 2.064719e-08 5.610899e-06)
2.720000e+02	cylinder	(-1.563070e-05 -5.700202e-08 -3.572438e-06)	(-1.718753e-06 5.700202e-08 3.572438e-06)
2.720000e+02	obstacle	(-8.624299e-06 -2.063988e-08 -5.613045e-06)	(1.452179e-07 2.063988e-08 5.611446e-06)
2.730000e+02	cylinder	(-1.563070e-05 -5.700900e-08 -3.572441e-06)	(-1.716073e-06 5.700900e-08 3.572441e-06)
2.730000e+02	obstacle	(-8.623684e-06 -2.063362e-08 -5.613598e-06)	(1.452332e-07 2.063362e-08 5.611998e-06)
2.740000e+02	cylinder	(-1.563071e-05 -5.701502e-08 -3.572443e-06)	(-1.713408e-06 5.701502e-08 3.572443e-06)
2.740000e+02	obstacle	(-8.623086e-06 -2.062847e-08 -5.614154e-06)	(1.452501e-07 2.062847e-08 5.612554e-06)
2.750000e+02	cylinder	(-1.563071e-05 -5.702240e-08 -3.572446e-06)	(-1.710758e-06 5.702240e-08 3.572446e-06)
2.750000e+02	obstacle	(-8.622504e-06 -2.062163e-08 -5.614715e-06)	(1.452671e-07 2.062163e-08 5.613114e-06)
2.760000e+02	cylinder	(-1.563071e-05 -5.702897e-08 -3.572448e-06)	(-1.708123e-06 5.702897e-08 3.572448e-06)
2.760000e+02	obstacle	(-8.621938e-06 -2.061584e-08 -5.615280e-06)	(1.452852e-07 2.061584e-08 5.613678e-06)
2.770000e+02	cylinder	(-1.563071e-05 -5.703612e-08 -3.572450e-06)	(-1.705502e-06 5.703612e-08 3.572450e-06)
2.770000e+02	obstacle	(-8.621387e-06 -2.060933e-08 -5.615849e-06)	(1.452950e-07 2.060933e-08 5.614247e-06)
2.780000e+02	cylinder	(-1.563071e-05 -5.704176e-08 -3.572453e-06)	(-1.702896e-06 5.704176e-08 3.572453e-06)
2.780000e+02	obstacle	(-8.620852e-06 -2.060484e-08 -5.616422e-06)	(1.453040e-07 2.060484e-08 5.614819e-06)
2.790000e+02	cylinder	(-1.563071e-05 -5.704967e-08 -3.572455e-06)	(-1.700305e-06 5.704967e-08 3.572455e-06)
2.790000e+02	obstacle	(-8.620332e-06 -2.059725e-08 -5.616999e-06)	(1.453125e-07 2.059725e-08 5.615396e-06)
2.800000e+02	cylinder	(-1.563071e-05 -5.705553e-08 -3.572458e-06)	(-1.697728e-06 5.705553e-08 3.572458e-06)
2.800000e+02	obstacle	(-8.619828e-06 -2.059240e-08 -5.617581e-06)	(1.453203e-07 2.059240e-08 5.615977e-06)
2.810000e+02	cylinder	(-1.563071e-05 -5.706387e-08 -3.572460e-06)	(-1.695165e-06 5.706387e-08 3.572460e-06)
2.810000e+02	obstacle	(-8.619338e-06 -2.058433e-08 -5.618166e-06)	(1.453275e-07 2.058433e-08 5.616561e-06)
2.820000e+02	cylinder	(-1.563071e-05 -5.706861e-08 -3.572462e-06)	(-1.692616e-06 5.706861e-08 3.572462e-06)
2.820000e+02	obstacle	(-8.618863e-06 -2.058095e-08 -5.618756e-06)	(1.453339e-07 2.058095e-08 5.617150e-06)
2.830000e+02	cylinder	(-1.563071e-05 -5.707558e-08 -3.572465e-06)	(-1.690081e-06 5.707558e-08 3.572465e-06)
2.830000e+02	obstacle	(-8.618403e-06 -2.057469e-08 -5.619367e-06)	(1.453395e-07 2.057469e-08 5.617742e-06)
2.840000e+02	cylinder	(-1.563071e-05 -5.708208e-08 -3.572467e-06)	(-1.687560e-06 5.708208e-08 3.572467e-06)
2.840000e+02	obstacle	(-8.617957e-06 -2.056900e-08 -5.619981e-06)	(1.453444e-07 2.056900e-08 5.618339e-06)
2.850000e+02	cylinder	(-1.563071e-05 -5.708863e-08 -3.572469e-06)	(-1.685053e-06 5.708863e-08 3.572469e-06)
2.850000e+02	obstacle	(-8.617525e-06 -2.056326e-08 -5.620599e-06)	(1.453486e-07 2.056326e-08 5.618939e-06)
2.860000e+02	cylinder	(-1.563071e-05 -5.709481e-08 -3.572472e-06)	(-1.682559e-06 5.709481e-08 3.572472e-06)
2.860000e+02	obstacle	(-8.617108e-06 -2.055802e-08 -5.621221e-06)	(1.453521e-07 2.055802e-08 5.619542e-06)
2.870000e+02	cylinder	(-1.563071e-05 -5.710236e-08 -3.572474e-06)	(-1.680078e-06 5.710236e-08 3.572474e-06)
2.870000e+02	obstacle	(-8.616705e-06 -2.055094e-08 -5.621846e-06)	(1.453550e-07 2.055094e-08 5.620150e-06)
2.880000e+02	cylinder	(-1.563071e-05 -5.710883e-08 -3.572476e-06)	(-1.677611e-06 5.710883e-08 3.572476e-06)
2.880000e+02	obstacle	(-8.616315e-06 -2.054550e-08 -5.622475e-06)	(1.453574e-07 2.054550e-08 5.620761e-06)
2.890000e+02	cylinder	(-1.563071e-05 -5.711476e-08 -3.572478e-06)	(-1.675158e-06 5.711476e-08 3.572478e-06)
2.890000e+02	obstacle	(-8.615940e-06 -2.054051e-08 -5.623107e-06)	(1.453593e-07 2.054051e-08 5.621376e-06)
2.900000e+02	cylinder	(-1.563071e-05 -5.712037e-08 -3.572481e-06)	(-1.672717e-06 5.712037e-08 3.572481e-06)
2.900000e+02	obstacle	(-8.615578e-06 -2.053601e-08 -5.623743e-06)	(1.453645e-07 2.053601e-08 5.621994e-06)
2.910000e+02	cylinder	(-1.563071e-05 -5.712682e-08 -3.572483e-06)	(-1.670289e-06 5.712682e-08 3.572483e-06)
2.910000e+02	obstacle	(-8.615229e-06 -2.053044e-08 -5.624382e-06)	(1.453623e-07 2.053044e-08 5.622616e-06)
2.920000e+02	cylinder	(-1.563071e-05 -5.713329e-08 -3.572485e-06)	(-1.667874e-06 5.713329e-08 3.572485e-06)
2.920000e+02	obstacle	(-8.614894e-06 -2.052479e-08 -5.625025e-06)	(1.453591e-07 2.052479e-08 5.623241e-06)
2.930000e+02	cylinder	(-1.563071e-05 -5.713960e-08 -3.572487e-06)	(-1.665472e-06 5.713960e-08 3.572487e-06)
2.930000e+02	obstacle	(-8.614572e-06 -2.051945e-08 -5.625671e-06)	(1.453560e-07 2.051945e-08 5.623870e-06)
2.940000e+02	cylinder	(-1.563071e-05 -5.714524e-08 -3.572489e-06)	(-1.663083e-06 5.714524e-08 3.572489e-06)
2.940000e+02	obstacle	(-8.614263e-06 -2.051490e-08 -5.626320e-06)	(1.453529e-07 2.051490e-08 5.624502e-06)
2.950000e+02	cylinder	(-1.563071e-05 -5.715229e-08 -3.572492e-06)	(-1.660703e-06 5.715229e-08 3.572492e-06)
2.950000e+02	obstacle	(-8.613967e-06 -2.050860e-08 -5.626972e-06)	(1.453496e-07 2.050860e-08 5.625137e-06)
2.960000e+02	cylinder	(-1.563071e-05 -5.715737e-08 -3.572494e-06)	(-1.658329e-06 5.715737e-08 3.572494e-06)
2.960000e+02	obstacle	(-8.613684e-06 -2.050482e-08 -5.627628e-06)	(1.453461e-07 2.050482e-08 5.625776e-06)
2.970000e+02	cylinder	(-1.563071e-05 -5.716549e-08 -3.572496e-06)	(-1.655967e-06 5.716549e-08 3.572496e-06)
2.970000e+02	obstacle	(-8.613413e-06 -2.049711e-08 -5.628286e-06)	(1.453424e-07 2.049711e-08 5.626418e-06)
2.980000e+02	cylinder	(-1.563071e-05 -5.717007e-08 -3.572498e-06)	(-1.653618e-06 5.717007e-08 3.572498e-06)
2.980000e+02	obstacle	(-8.613155e-06 -2.049398e-08 -5.628948e-06)	(1.453387e-07 2.049398e-08 5.627063e-06)
2.990000e+02	cylinder	(-1.563071e-05 -5.717534e-08 -3.572500e-06)	(-1.651281e-06 5.717534e-08 3.572500e-06)
2.990000e+02	obstacle	(-8.612909e-06 -2.048993e-08 -5.629613e-06)	(1.453348e-07 2.048993e-08 5.627711e-06)
3.000000e+02	cylinder	(-1.563071e-05 -5.718063e-08 -3.572502e-06)	(-1.648956e-06 5.718063e-08 3.572502e-06)
3.000000e+02	obstacle	(-8.612676e-06 -2.048595e-08 -5.630281e-06)	(1.453285e-07 2.048595e-08 5.628363e-06)
3.010000e+02	cylinder	(-1.563071e-05 -5.718758e-08 -3.572504e-06)	(-1.646642e-06 5.718758e-08 3.572504e-06)
3.010000e+02	obstacle	(-8.612454e-06 -2.047964e-08 -5.630952e-06)	(1.453224e-07 2.047964e-08 5.629017e-06)
3.020000e+02	cylinder	(-1.563071e-05 -5.719335e-08 -3.572506e-06)	(-1.644341e-06 5.719335e-08 3.572506e-06)
3.020000e+02	obstacle	(-8.612245e-06 -2.047499e-08 -5.631625e-06)	(1.453135e-07 2.047499e-08 5.629675e-06)
3.030000e+02	cylinder	(-1.563071e-05 -5.719881e-08 -3.572508e-06)	(-1.642051e-06 5.719881e-08 3.572508e-06)
3.030000e+02	obstacle	(-8.612047e-06 -2.047078e-08 -5.632302e-06)	(1.453024e-07 2.047078e-08 5.630336e-06)
3.040000e+02	cylinder	(-1.563072e-05 -5.720477e-08 -3.572510e-06)	(-1.639773e-06 5.720477e-08 3.572510e-06)
3.040000e+02	obstacle	(-8.611861e-06 -2.046583e-08 -5.632982e-06)	(1.452917e-07 2.046583e-08 5.630999e-06)
3.050000e+02	cylinder	(-1.563072e-05 -5.721039e-08 -3.572512e-06)	(-1.637507e-06 5.721039e-08 3.572512e-06)
3.050000e+02	obstacle	(-8.611687e-06 -2.046134e-08 -5.633665e-06)	(1.452796e-07 2.046134e-08 5.631666e-06)
3.060000e+02	cylinder	(-1.563072e-05 -5.721749e-08 -3.572514e-06)	(-1.635251e-06 5.721749e-08 3.572514e-06)
3.060000e+02	obstacle	(-8.611525e-06 -2.045502e-08 -5.634350e-06)	(1.452671e-07 2.045502e-08 5.632336e-06)
3.070000e+02	cylinder	(-1.563072e-05 -5.722190e-08 -3.572516e-06)	(-1.633008e-06 5.722190e-08 3.572516e-06)
3.070000e+02	obstacle	(-8.611373e-06 -2.045216e-08 -5.635038e-06)	(1.452550e-07 2.045216e-08 5.633008e-06)
3.080000e+02	cylinder	(-1.563072e-05 -5.722815e-08 -3.572518e-06)	(-1.630775e-06 5.722815e-08 3.572518e-06)
3.080000e+02	obstacle	(-8.611233e-06 -2.044681e-08 -5.635729e-06)	(1.452430e-07 2.044681e-08 5.633684e-06)
3.090000e+02	cylinder	(-1.563072e-05 -5.723374e-08 -3.572520e-06)	(-1.628554e-06 5.723374e-08 3.572520e-06)
3.090000e+02	obstacle	(-8.611105e-06 -2.044236e-08 -5.636423e-06)	(1.452308e-07 2.044236e-08 5.634362e-06)
3.100000e+02	cylinder	(-1.563072e-05 -5.723921e-08 -3.572522e-06)	(-1.626344e-06 5.723921e-08 3.572522e-06)
3.100000e+02	obstacle	(-8.610987e-06 -2.043812e-08 -5.637119e-06)	(1.452186e-07 2.043812e-08 5.635043e-06)
3.110000e+02	cylinder	(-1.563072e-05 -5.724456e-08 -3.572524e-06)	(-1.624145e-06 5.724456e-08 3.572524e-06)
3.110000e+02	obstacle	(-8.610880e-06 -2.043402e-08 -5.637818e-06)	(1.452060e-07 2.043402e-08 5.635726e-06)
3.120000e+02	cylinder	(-1.563072e-05 -5.725029e-08 -3.572526e-06)	(-1.621956e-06 5.725029e-08 3.572526e-06)
3.120000e+02	obstacle	(-8.610784e-06 -2.042938e-08 -5.638520e-06)	(1.451934e-07 2.042938e-08 5.636413e-06)
3.130000e+02	cylinder	(-1.563072e-05 -5.725614e-08 -3.572528e-06)	(-1.619778e-06 5.725614e-08 3.572528e-06)
3.130000e+02	obstacle	(-8.610699e-06 -2.042470e-08 -5.639224e-06)	(1.451805e-07 2.042470e-08 5.637102e-06)
3.140000e+02	cylinder	(-1.563072e-05 -5.726198e-08 -3.572530e-06)	(-1.617611e-06 5.726198e-08 3.572530e-06)
3.140000e+02	obstacle	(-8.610624e-06 -2.041994e-08 -5.639931e-06)	(1.451675e-07 2.041994e-08 5.637794e-06)
3.150000e+02	cylinder	(-1.563072e-05 -5.726658e-08 -3.572532e-06)	(-1.615455e-06 5.726658e-08 3.572532e-06)
3.150000e+02	obstacle	(-8.610560e-06 -2.041691e-08 -5.640640e-06)	(1.451544e-07 2.041691e-08 5.638488e-06)
3.160000e+02	cylinder	(-1.563072e-05 -5.727244e-08 -3.572534e-06)	(-1.613309e-06 5.727244e-08 3.572534e-06)
3.160000e+02	obstacle	(-8.610506e-06 -2.041207e-08 -5.641352e-06)	(1.451409e-07 2.041207e-08 5.639185e-06)
3.170000e+02	cylinder	(-1.563072e-05 -5.727756e-08 -3.572536e-06)	(-1.611174e-06 5.727756e-08 3.572536e-06)
3.170000e+02	obstacle	(-8.610463e-06 -2.040825e-08 -5.642066e-06)	(1.451273e-07 2.040825e-08 5.639885e-06)
3.180000e+02	cylinder	(-1.563072e-05 -5.728279e-08 -3.572537e-06)	(-1.609049e-06 5.728279e-08 3.572538e-06)
3.180000e+02	obstacle	(-8.610430e-06 -2.040430e-08 -5.642783e-06)	(1.451135e-07 2.040430e-08 5.640587e-06)
3.190000e+02	cylinder	(-1.563072e-05 -5.728850e-08 -3.572539e-06)	(-1.606934e-06 5.728850e-08 3.572539e-06)
3.190000e+02	obstacle	(-8.610406e-06 -2.039975e-08 -5.643502e-06)	(1.450997e-07 2.039975e-08 5.641291e-06)
3.200000e+02	cylinder	(-1.563072e-05 -5.729363e-08 -3.572541e-06)	(-1.604829e-06 5.729363e-08 3.572541e-06)
3.200000e+02	obstacle	(-8.610393e-06 -2.039594e-08 -5.644223e-06)	(1.450857e-07 2.039594e-08 5.641998e-06)
3.210000e+02	cylinder	(-1.563072e-05 -5.729943e-08 -3.572543e-06)	(-1.602735e-06 5.729943e-08 3.572543e-06)
3.210000e+02	obstacle	(-8.610390e-06 -2.039131e-08 -5.644947e-06)	(1.450715e-07 2.039131e-08 5.642708e-06)
3.220000e+02	cylinder	(-1.563072e-05 -5.730492e-08 -3.572545e-06)	(-1.600651e-06 5.730492e-08 3.572545e-06)
3.220000e+02	obstacle	(-8.610396e-06 -2.038710e-08 -5.645673e-06)	(1.450573e-07 2.038710e-08 5.643420e-06)
3.230000e+02	cylinder	(-1.563072e-05 -5.730935e-08 -3.572547e-06)	(-1.598577e-06 5.730935e-08 3.572547e-06)
3.230000e+02	obstacle	(-8.610412e-06 -2.038414e-08 -5.646402e-06)	(1.450430e-07 2.038414e-08 5.644134e-06)
3.240000e+02	cylinder	(-1.563072e-05 -5.731606e-08 -3.572548e-06)	(-1.596512e-06 5.731606e-08 3.572548e-06)
3.240000e+02	obstacle	(-8.610438e-06 -2.037831e-08 -5.647133e-06)	(1.450286e-07 2.037831e-08 5.644851e-06)
3.250000e+02	cylinder	(-1.563072e-05 -5.731983e-08 -3.572550e-06)	(-1.594458e-06 5.731983e-08 3.572550e-06)
3.250000e+02	obstacle	(-8.610474e-06 -2.037634e-08 -5.647866e-06)	(1.450141e-07 2.037634e-08 5.645570e-06)
3.260000e+02	cylinder	(-1.563072e-05 -5.732482e-08 -3.572552e-06)	(-1.592413e-06 5.732482e-08 3.572552e-06)
3.260000e+02	obstacle	(-8.610518e-06 -2.037269e-08 -5.648601e-06)	(1.449998e-07 2.037269e-08 5.646291e-06)
3.270000e+02	cylinder	(-1.563072e-05 -5.733088e-08 -3.572554e-06)	(-1.590378e-06 5.733088e-08 3.572554e-06)
3.270000e+02	obstacle	(-8.610572e-06 -2.036765e-08 -5.649338e-06)	(1.449856e-07 2.036765e-08 5.647014e-06)
3.280000e+02	cylinder	(-1.563072e-05 -5.733525e-08 -3.572555e-06)	(-1.588352e-06 5.733525e-08 3.572555e-06)
3.280000e+02	obstacle	(-8.610635e-06 -2.036493e-08 -5.650078e-06)	(1.449714e-07 2.036493e-08 5.647740e-06)
3.290000e+02	cylinder	(-1.563072e-05 -5.734062e-08 -3.572557e-06)	(-1.586337e-06 5.734062e-08 3.572557e-06)
3.290000e+02	obstacle	(-8.610708e-06 -2.036082e-08 -5.650819e-06)	(1.449585e-07 2.036082e-08 5.648468e-06)
3.300000e+02	cylinder	(-1.563072e-05 -5.734530e-08 -3.572559e-06)	(-1.584330e-06 5.734530e-08 3.572559e-06)
3.300000e+02	obstacle	(-8.610789e-06 -2.035761e-08 -5.651563e-06)	(1.449454e-07 2.035761e-08 5.649198e-06)
3.310000e+02	cylinder	(-1.563072e-05 -5.735011e-08 -3.572561e-06)	(-1.582333e-06 5.735011e-08 3.572561e-06)
3.310000e+02	obstacle	(-8.610879e-06 -2.035432e-08 -5.652309e-06)	(1.449285e-07 2.035432e-08 5.649931e-06)
3.320000e+02	cylinder	(-1.563072e-05 -5.735441e-08 -3.572562e-06)	(-1.580345e-06 5.735441e-08 3.572562e-06)
3.320000e+02	obstacle	(-8.610978e-06 -2.035148e-08 -5.653057e-06)	(1.449113e-07 2.035148e-08 5.650665e-06)
3.330000e+02	cylinder	(-1.563072e-05 -5.736053e-08 -3.572564e-06)	(-1.578366e-06 5.736053e-08 3.572564e-06)
3.330000e+02	obstacle	(-8.611086e-06 -2.034640e-08 -5.653807e-06)	(1.448945e-07 2.034640e-08 5.651402e-06)
3.340000e+02	cylinder	(-1.563072e-05 -5.736562e-08 -3.572566e-06)	(-1.576397e-06 5.736562e-08 3.572566e-06)
3.340000e+02	obstacle	(-8.611203e-06 -2.034269e-08 -5.654558e-06)	(1.448780e-07 2.034269e-08 5.652140e-06)
3.350000e+02	cylinder	(-1.563072e-05 -5.736969e-08 -3.572567e-06)	(-1.574437e-06 5.736969e-08 3.572567e-06)
3.350000e+02	obstacle	(-8.611328e-06 -2.034027e-08 -5.655312e-06)	(1.448618e-07 2.034027e-08 5.652881e-06)
3.360000e+02	cylinder	(-1.563072e-05 -5.737453e-08 -3.572569e-06)	(-1.572486e-06 5.737453e-08 3.572569e-06)
3.360000e+02	obstacle	(-8.611462e-06 -2.033689e-08 -5.656068e-06)	(1.448457e-07 2.033689e-08 5.653624e-06)
3.370000e+02	cylinder	(-1.563072e-05 -5.737980e-08 -3.572571e-06)	(-1.570543e-06 5.737980e-08 3.572571e-06)
3.370000e+02	obstacle	(-8.611604e-06 -2.033285e-08 -5.656826e-06)	(1.448297e-07 2.033285e-08 5.654368e-06)
3.380000e+02	cylinder	(-1.563072e-05 -5.738646e-08 -3.572572e-06)	(-1.568610e-06 5.738646e-08 3.572572e-06)
3.380000e+02	obstacle	(-8.611754e-06 -2.032727e-08 -5.657586e-06)	(1.448138e-07 2.032727e-08 5.655115e-06)
3.390000e+02	cylinder	(-1.563072e-05 -5.739004e-08 -3.572574e-06)	(-1.566685e-06 5.739004e-08 3.572574e-06)
3.390000e+02	obstacle	(-8.611913e-06 -2.032540e-08 -5.658347e-06)	(1.447981e-07 2.032540e-08 5.655863e-06)
3.400000e+02	cylinder	(-1.563072e-05 -5.739430e-08 -3.572575e-06)	(-1.564770e-06 5.739430e-08 3.572575e-06)
3.400000e+02	obstacle	(-8.612080e-06 -2.032278e-08 -5.659110e-06)	(1.447824e-07 2.032278e-08 5.656614e-06)
3.410000e+02	cylinder	(-1.563072e-05 -5.740086e-08 -3.572577e-06)	(-1.562863e-06 5.740086e-08 3.572577e-06)
3.410000e+02	obstacle	(-8.612255e-06 -2.031717e-08 -5.659876e-06)	(1.447666e-07 2.031717e-08 5.657366e-06)
3.420000e+02	cylinder	(-1.563073e-05 -5.740304e-08 -3.572579e-06)	(-1.560964e-06 5.740304e-08 3.572579e-06)
3.420000e+02	obstacle	(-8.612438e-06 -2.031718e-08 -5.660643e-06)	(1.447511e-07 2.031718e-08 5.658121e-06)
3.430000e+02	cylinder	(-1.563073e-05 -5.740855e-08 -3.572580e-06)	(-1.559071e-06 5.740855e-08 3.572580e-06)
3.430000e+02	obstacle	(-8.612629e-06 -2.031288e-08 -5.661411e-06)	(1.447356e-07 2.031288e-08 5.658877e-06)
3.440000e+02	cylinder	(-1.563073e-05 -5.741376e-08 -3.572582e-06)	(-1.557182e-06 5.741376e-08 3.572582e-06)
3.440000e+02	obstacle	(-8.612828e-06 -2.030907e-08 -5.662182e-06)	(1.447202e-07 2.030907e-08 5.659638e-06)
3.450000e+02	cylinder	(-1.563073e-05 -5.741842e-08 -3.572583e-06)	(-1.555301e-06 5.741842e-08 3.572583e-06)
3.450000e+02	obstacle	(-8.613034e-06 -2.030590e-08 -5.662954e-06)	(1.447048e-07 2.030590e-08 5.660409e-06)
3.460000e+02	cylinder	(-1.563073e-05 -5.742260e-08 -3.572585e-06)	(-1.553428e-06 5.742260e-08 3.572585e-06)
3.460000e+02	obstacle	(-8.613249e-06 -2.030336e-08 -5.663728e-06)	(1.446894e-07 2.030336e-08 5.661182e-06)
3.470000e+02	cylinder	(-1.563073e-05 -5.742682e-08 -3.572586e-06)	(-1.551564e-06 5.742682e-08 3.572586e-06)
3.470000e+02	obstacle	(-8.613471e-06 -2.030070e-08 -5.664504e-06)	(1.446743e-07 2.030070e-08 5.661957e-06)
3.480000e+02	cylinder	(-1.563073e-05 -5.743254e-08 -3.572588e-06)	(-1.549707e-06 5.743254e-08 3.572588e-06)
3.480000e+02	obstacle	(-8.613700e-06 -2.029623e-08 -5.665281e-06)	(1.446592e-07 2.029623e-08 5.662733e-06)
3.490000e+02	cylinder	(-1.563073e-05 -5.743653e-08 -3.572590e-06)	(-1.547859e-06 5.743653e-08 3.572590e-06)
3.490000e+02	obstacle	(-8.613937e-06 -2.029393e-08 -5.666060e-06)	(1.446442e-07 2.029393e-08 5.663512e-06)
